% ModelWeb Browser Results
% iri 2007 model listing
% Required input parameters
% Year= 2005, Month= 10, Day= 8, Hour=22.,
% Time_type = Universal
% Coordinate_type = Geographic
% Latitude= 69.58, Longitude= 19.23, Height= 100
% Prof. parameters: Start= 85.00 Stop= 700.00 Step= 1.00
% 
% Optional input parameters:
% Sunspot number(Rz12) =not specified
% Ionospheric index(IG12) =not specified
% Upper limit for Electron content = not specified
% F peak model = URSI
% Ne Topside = NeQuick
% foF2 Storm model = on
% Bottomside Thickness = B0 Table
% F1 occurrence probability = Scotto-1997 no L
% D-Region Ne = IRI-95
% Topside Te = TTSA-2000
% Ion Composition = DS95/TT05
% A value of -1 indicates that the parameter is not available for the specified range
% TEC=-1, means you have not entered an upper boundary height in the OPTIONAL INPUT section.
% 
%    Selected parameters are:
% 1 Height, km
% 2 Electron_density_Ne, m-3
% 3 Ratio_of_Ne_to_NmF2
% 4 Tn, K
% 5 Ti, K
% 6 Te, K
% 7 O_ions, %
% 8 H_ions, %
% 9 He_ions, %
% 10 O2_ions, %
% 11 NO_ions, %
% 12 Cluster_ions, %
% 13 N_ions, %
% 
%      1            2      3      4      5      6     7     8     9    10    11    12    13
   85.00  0.25562E+09  0.003   -1.0   -1.0   -1.0   0.0   0.0   0.0  15.0  35.0  50.0   0.0
   86.00  0.33261E+09  0.004   -1.0   -1.0   -1.0   0.0   0.0   0.0  15.0  39.0  46.0   0.0
   87.00  0.37779E+09  0.005   -1.0   -1.0   -1.0   0.0   0.0   0.0  15.0  43.0  42.0   0.0
   88.00  0.40133E+09  0.005   -1.0   -1.0   -1.0   0.0   0.0   0.0  15.0  47.0  38.0   0.0
   89.00  0.42581E+09  0.006   -1.0   -1.0   -1.0   0.0   0.0   0.0  15.0  51.0  34.0   0.0
   90.00  0.47668E+09  0.006   -1.0   -1.0   -1.0   0.0   0.0   0.0  15.0  55.0  30.0   0.0
   91.00  0.59350E+09  0.008   -1.0   -1.0   -1.0   0.0   0.0   0.0  15.0  59.0  26.0   0.0
   92.00  0.86626E+09  0.011   -1.0   -1.0   -1.0   0.0   0.0   0.0  15.0  63.0  22.0   0.0
   93.00  0.11854E+10  0.015   -1.0   -1.0   -1.0   0.0   0.0   0.0  15.0  67.0  18.0   0.0
   94.00  0.13460E+10  0.018   -1.0   -1.0   -1.0   0.0   0.0   0.0  15.0  71.0  14.0   0.0
   95.00  0.14861E+10  0.019   -1.0   -1.0   -1.0   0.0   0.0   0.0  15.0  75.0  10.0   0.0
   96.00  0.16032E+10  0.021   -1.0   -1.0   -1.0   0.0   0.0   0.0  14.0  78.0   8.0   0.0
   97.00  0.16972E+10  0.022   -1.0   -1.0   -1.0   0.0   0.0   0.0  13.0  81.0   6.0   0.0
   98.00  0.17699E+10  0.023   -1.0   -1.0   -1.0   0.0   0.0   0.0  12.0  84.0   4.0   0.0
   99.00  0.18238E+10  0.024   -1.0   -1.0   -1.0   0.0   0.0   0.0  11.0  87.0   2.0   0.0
  100.00  0.18624E+10  0.024   -1.0   -1.0   -1.0   0.0   0.0   0.0  10.0  90.0   0.0   0.0
  101.00  0.18887E+10  0.025   -1.0   -1.0   -1.0   0.0   0.0   0.0  10.0  90.0   0.0   0.0
  102.00  0.19057E+10  0.025   -1.0   -1.0   -1.0   0.0   0.0   0.0  11.0  89.0   0.0   0.0
  103.00  0.19162E+10  0.025   -1.0   -1.0   -1.0   0.0   0.0   0.0  12.0  88.0   0.0   0.0
  104.00  0.19221E+10  0.025   -1.0   -1.0   -1.0   0.0   0.0   0.0  12.0  88.0   0.0   0.0
  105.00  0.19252E+10  0.025   -1.0   -1.0   -1.0   0.0   0.0   0.0  13.0  87.0   0.0   0.0
  106.00  0.19265E+10  0.025   -1.0   -1.0   -1.0   0.0   0.0   0.0  14.0  86.0   0.0   0.0
  107.00  0.19271E+10  0.025   -1.0   -1.0   -1.0   0.0   0.0   0.0  14.0  86.0   0.0   0.0
  108.00  0.19272E+10  0.025   -1.0   -1.0   -1.0   0.0   0.0   0.0  15.0  85.0   0.0   0.0
  109.00  0.19272E+10  0.025   -1.0   -1.0   -1.0   0.0   0.0   0.0  16.0  84.0   0.0   0.0
  110.00  0.19272E+10  0.025   -1.0   -1.0   -1.0   0.0   0.0   0.0  16.0  84.0   0.0   0.0
  111.00  0.19087E+10  0.025   -1.0   -1.0   -1.0   0.0   0.0   0.0  17.0  83.0   0.0   0.0
  112.00  0.18574E+10  0.024   -1.0   -1.0   -1.0   0.0   0.0   0.0  18.0  82.0   0.0   0.0
  113.00  0.17805E+10  0.023   -1.0   -1.0   -1.0   0.0   0.0   0.0  18.0  82.0   0.0   0.0
  114.00  0.16851E+10  0.022   -1.0   -1.0   -1.0   0.0   0.0   0.0  19.0  81.0   0.0   0.0
  115.00  0.15781E+10  0.021   -1.0   -1.0   -1.0   0.0   0.0   0.0  20.0  80.0   0.0   0.0
  116.00  0.14652E+10  0.019   -1.0   -1.0   -1.0   0.0   0.0   0.0  20.0  80.0   0.0   0.0
  117.00  0.13513E+10  0.018   -1.0   -1.0   -1.0   0.0   0.0   0.0  21.0  79.0   0.0   0.0
  118.00  0.12401E+10  0.016   -1.0   -1.0   -1.0   0.0   0.0   0.0  21.0  79.0   0.0   0.0
  119.00  0.11342E+10  0.015   -1.0   -1.0   -1.0   0.0   0.0   0.0  22.0  78.0   0.0   0.0
  120.00  0.10354E+10  0.013  355.6  355.6  355.6   0.0   0.0   0.0  23.0  77.0   0.0   0.0
  121.00  0.94465E+09  0.012  369.0  369.0  369.0   0.0   0.0   0.0  23.0  77.0   0.0   0.0
  122.00  0.86236E+09  0.011  381.9  381.9  381.9   0.0   0.0   0.0  24.0  76.0   0.0   0.0
  123.00  0.78858E+09  0.010  394.5  394.5  394.5   0.0   0.0   0.0  25.0  75.0   0.0   0.0
  124.00  0.72304E+09  0.009  406.8  406.8  406.8   0.0   0.0   0.0  25.0  75.0   0.0   0.0
  125.00  0.66529E+09  0.009  418.6  418.6  418.6   0.0   0.0   0.0  26.0  74.0   0.0   0.0
  126.00  0.61477E+09  0.008  430.2  430.2  430.2   0.0   0.0   0.0  26.0  74.0   0.0   0.0
  127.00  0.57089E+09  0.007  441.3  441.3  441.3   0.0   0.0   0.0  27.0  73.0   0.0   0.0
  128.00  0.53305E+09  0.007  452.2  452.2  452.2   0.0   0.0   0.0  28.0  72.0   0.0   0.0
  129.00  0.50068E+09  0.007  462.8  462.8  462.8   0.0   0.0   0.0  28.0  72.0   0.0   0.0
  130.00  0.47325E+09  0.006  473.0  473.0  473.0   0.0   0.0   0.0  29.0  71.0   0.0   0.0
  131.00  0.45029E+09  0.006  482.9  482.9  482.9   0.0   0.0   0.0  29.0  71.0   0.0   0.0
  132.00  0.43135E+09  0.006  492.6  492.6  492.6   0.0   0.0   0.0  30.0  70.0   0.0   0.0
  133.00  0.41609E+09  0.005  502.0  502.0  502.0   0.0   0.0   0.0  30.0  70.0   0.0   0.0
  134.00  0.40417E+09  0.005  511.1  511.1  511.1   0.0   0.0   0.0  31.0  69.0   0.0   0.0
  135.00  0.39536E+09  0.005  519.9  519.9  519.9   0.0   0.0   0.0  32.0  68.0   0.0   0.0
  136.00  0.38941E+09  0.005  528.5  528.5  528.5   0.0   0.0   0.0  32.0  68.0   0.0   0.0
  137.00  0.38617E+09  0.005  536.8  536.8  536.8   0.0   0.0   0.0  33.0  67.0   0.0   0.0
  138.00  0.38550E+09  0.005  544.9  544.9  544.9   0.0   0.0   0.0  33.0  67.0   0.0   0.0
  139.00  0.38730E+09  0.005  552.8  552.8  552.8   0.0   0.0   0.0  34.0  66.0   0.0   0.0
  140.00  0.39150E+09  0.005  560.4  560.4  562.2   0.0   0.0   0.0  35.0  65.0   0.0   0.0
  141.00  0.39805E+09  0.005  567.8  567.8  572.1   0.0   0.0   0.0  35.0  65.0   0.0   0.0
  142.00  0.40693E+09  0.005  575.0  575.0  581.9   0.0   0.0   0.0  35.0  65.0   0.0   0.0
  143.00  0.41815E+09  0.005  582.0  582.0  591.5   0.0   0.0   0.0  35.0  65.0   0.0   0.0
  144.00  0.43170E+09  0.006  588.8  588.8  601.1   0.0   0.0   0.0  35.0  65.0   0.0   0.0
  145.00  0.44761E+09  0.006  595.4  595.4  610.4   0.0   0.0   0.0  35.0  65.0   0.0   0.0
  146.00  0.46590E+09  0.006  601.8  601.8  619.6   1.0   0.0   0.0  35.0  64.0   0.0   0.0
  147.00  0.48660E+09  0.006  608.0  608.0  628.6   1.0   0.0   0.0  35.0  64.0   0.0   0.0
  148.00  0.50973E+09  0.007  614.0  614.0  637.3   1.0   0.0   0.0  35.0  64.0   0.0   0.0
  149.00  0.53530E+09  0.007  619.9  619.9  645.8   1.0   0.0   0.0  35.0  64.0   0.0   0.0
  150.00  0.56331E+09  0.007  625.5  625.5  654.0   1.0   0.0   0.0  35.0  64.0   0.0   0.0
  151.00  0.59374E+09  0.008  631.1  631.1  661.9   1.0   0.0   0.0  35.0  64.0   0.0   0.0
  152.00  0.62654E+09  0.008  636.4  636.4  669.5   1.0   0.0   0.0  35.0  63.0   0.0   0.0
  153.00  0.66166E+09  0.009  641.6  641.6  676.9   1.0   0.0   0.0  35.0  63.0   0.0   0.0
  154.00  0.69898E+09  0.009  646.7  646.7  684.0   2.0   0.0   0.0  35.0  63.0   0.0   0.0
  155.00  0.73839E+09  0.010  651.6  651.6  690.8   2.0   0.0   0.0  35.0  63.0   0.0   0.0
  156.00  0.77972E+09  0.010  656.4  656.4  697.3   2.0   0.0   0.0  35.0  63.0   0.0   0.0
  157.00  0.82280E+09  0.011  661.0  661.0  703.6   2.0   0.0   0.0  35.0  63.0   0.0   0.0
  158.00  0.86740E+09  0.011  665.5  665.5  709.7   2.0   0.0   0.0  35.0  62.0   0.0   0.0
  159.00  0.91332E+09  0.012  669.9  669.9  715.6   2.0   0.0   0.0  36.0  62.0   0.0   0.0
  160.00  0.96032E+09  0.012  674.1  674.1  721.3   2.0   0.0   0.0  36.0  62.0   0.0   0.0
  161.00  0.10082E+10  0.013  678.2  678.2  726.8   3.0   0.0   0.0  36.0  61.0   0.0   0.0
  162.00  0.10567E+10  0.014  682.2  682.2  732.2   4.0   0.0   0.0  36.0  60.0   0.0   0.0
  163.00  0.11058E+10  0.014  686.1  686.1  737.5   5.0   0.0   0.0  36.0  59.0   0.0   0.0
  164.00  0.11553E+10  0.015  689.9  689.9  742.7   6.0   0.0   0.0  36.0  58.0   0.0   0.0
  165.00  0.12052E+10  0.016  693.6  693.6  747.8   7.0   0.0   0.0  36.0  58.0   0.0   0.0
  166.00  0.12556E+10  0.016  697.1  697.1  752.8   8.0   0.0   0.0  36.0  57.0   0.0   0.0
  167.00  0.13068E+10  0.017  700.6  700.6  757.8   8.0   0.0   0.0  36.0  56.0   0.0   0.0
  168.00  0.13591E+10  0.018  704.0  704.0  762.7   9.0   0.0   0.0  36.0  55.0   0.0   0.0
  169.00  0.14131E+10  0.018  707.2  707.2  767.6  10.0   0.0   0.0  36.0  54.0   0.0   0.0
  170.00  0.14696E+10  0.019  710.4  710.4  772.4  11.0   0.0   0.0  36.0  53.0   0.0   0.0
  171.00  0.15298E+10  0.020  713.5  713.5  777.2  11.0   0.0   0.0  36.0  53.0   0.0   0.0
  172.00  0.15950E+10  0.021  716.5  716.5  782.0  11.0   0.0   0.0  36.0  53.0   0.0   0.0
  173.00  0.16670E+10  0.022  719.4  719.4  786.8  11.0   0.0   0.0  36.0  53.0   0.0   0.0
  174.00  0.17482E+10  0.023  722.2  722.2  791.6  12.0   0.0   0.0  35.0  53.0   0.0   0.0
  175.00  0.18414E+10  0.024  724.9  724.9  796.3  12.0   0.0   0.0  35.0  53.0   0.0   0.0
  176.00  0.19376E+10  0.025  727.6  727.6  801.0  12.0   0.0   0.0  35.0  53.0   0.0   0.0
  177.00  0.19900E+10  0.026  730.2  730.2  805.8  12.0   0.0   0.0  35.0  53.0   0.0   0.0
  178.00  0.20441E+10  0.027  732.7  732.7  810.5  12.0   0.0   0.0  35.0  53.0   0.0   0.0
  179.00  0.20999E+10  0.027  735.1  735.1  815.2  12.0   0.0   0.0  35.0  53.0   0.0   0.0
  180.00  0.21576E+10  0.028  737.5  737.5  819.9  12.0   0.0   0.0  35.0  53.0   0.0   0.0
  181.00  0.22172E+10  0.029  739.8  739.8  824.6  13.0   0.0   0.0  34.0  53.0   0.0   0.0
  182.00  0.22788E+10  0.030  742.0  742.0  829.3  14.0   0.0   0.0  34.0  53.0   0.0   0.0
  183.00  0.23425E+10  0.030  744.2  744.2  834.0  14.0   0.0   0.0  33.0  53.0   0.0   0.0
  184.00  0.24084E+10  0.031  746.3  746.3  838.7  15.0   0.0   0.0  33.0  53.0   0.0   0.0
  185.00  0.24766E+10  0.032  748.4  748.4  843.4  15.0   0.0   0.0  32.0  53.0   0.0   0.0
  186.00  0.25471E+10  0.033  750.3  750.3  848.1  16.0   0.0   0.0  32.0  52.0   0.0   0.0
  187.00  0.26201E+10  0.034  752.3  752.3  852.8  16.0   0.0   0.0  31.0  52.0   0.0   0.0
  188.00  0.26957E+10  0.035  754.2  754.2  857.5  17.0   0.0   0.0  31.0  52.0   0.0   0.0
  189.00  0.27740E+10  0.036  756.0  756.0  862.1  17.0   0.0   0.0  30.0  52.0   0.0   0.0
  190.00  0.28552E+10  0.037  757.8  757.8  866.8  18.0   0.0   0.0  30.0  52.0   0.0   0.0
  191.00  0.29394E+10  0.038  759.5  759.5  871.5  18.0   0.0   0.0  30.0  52.0   0.0   0.0
  192.00  0.30268E+10  0.039  761.1  761.1  876.2  19.0   0.0   0.0  30.0  51.0   0.0   0.0
  193.00  0.31174E+10  0.041  762.8  762.8  880.9  19.0   0.0   0.0  31.0  51.0   0.0   0.0
  194.00  0.32116E+10  0.042  764.4  764.4  885.6  19.0   0.0   0.0  31.0  50.0   0.0   0.0
  195.00  0.33094E+10  0.043  765.9  765.9  890.3  19.0   0.0   0.0  31.0  50.0   0.0   0.0
  196.00  0.34111E+10  0.044  767.4  767.4  894.9  19.0   0.0   0.0  32.0  49.0   0.0   0.0
  197.00  0.35168E+10  0.046  768.8  768.8  899.6  20.0   0.0   0.0  32.0  48.0   0.0   0.0
  198.00  0.36269E+10  0.047  770.2  770.2  904.3  20.0   0.0   0.0  32.0  48.0   0.0   0.0
  199.00  0.37415E+10  0.049  771.6  771.6  909.0  20.0   0.0   0.0  33.0  47.0   0.0   0.0
  200.00  0.38609E+10  0.050  772.9  772.9  913.7  20.0   0.0   0.0  33.0  47.0   0.0   0.0
  201.00  0.39855E+10  0.052  774.2  775.9  918.4  22.0   0.0   0.0  32.0  46.0   0.0   0.0
  202.00  0.41155E+10  0.054  775.5  778.9  923.1  23.0   0.0   0.0  32.0  46.0   0.0   0.0
  203.00  0.42513E+10  0.055  776.7  781.9  927.7  24.0   0.0   0.0  31.0  45.0   0.0   0.0
  204.00  0.43933E+10  0.057  777.9  784.9  932.4  25.0   0.0   0.0  30.0  45.0   0.0   0.0
  205.00  0.45419E+10  0.059  779.0  787.9  937.1  26.0   0.0   0.0  30.0  44.0   0.0   0.0
  206.00  0.46976E+10  0.061  780.1  790.9  941.8  27.0   0.0   0.0  29.0  44.0   0.0   0.0
  207.00  0.48609E+10  0.063  781.2  793.9  946.5  28.0   0.0   0.0  28.0  44.0   0.0   0.0
  208.00  0.50323E+10  0.065  782.3  796.9  951.2  29.0   0.0   0.0  28.0  43.0   0.0   0.0
  209.00  0.52125E+10  0.068  783.3  799.9  955.8  30.0   0.0   0.0  27.0  43.0   0.0   0.0
  210.00  0.54022E+10  0.070  784.3  802.9  960.5  31.0   0.0   0.0  26.0  42.0   0.0   0.0
  211.00  0.56022E+10  0.073  785.3  805.9  965.2  32.0   0.0   0.0  26.0  42.0   0.0   0.0
  212.00  0.58135E+10  0.076  786.2  808.9  969.9  34.0   0.0   0.0  25.0  41.0   0.0   0.0
  213.00  0.60371E+10  0.079  787.1  811.9  974.6  35.0   0.0   0.0  25.0  41.0   0.0   0.0
  214.00  0.62741E+10  0.082  788.0  814.8  979.3  36.0   0.0   0.0  24.0  40.0   0.0   0.0
  215.00  0.65261E+10  0.085  788.9  817.8  984.0  37.0   0.0   0.0  23.0  40.0   0.0   0.0
  216.00  0.67945E+10  0.088  789.7  820.8  988.6  38.0   0.0   0.0  23.0  40.0   0.0   0.0
  217.00  0.70814E+10  0.092  790.5  823.8  993.3  39.0   0.0   0.0  22.0  39.0   0.0   0.0
  218.00  0.73890E+10  0.096  791.3  826.8  998.0  40.0   0.0   0.0  21.0  39.0   0.0   0.0
  219.00  0.77202E+10  0.100  792.1  829.8 1002.7  41.0   0.0   0.0  21.0  38.0   0.0   0.0
  220.00  0.80783E+10  0.105  792.8  832.8 1007.4  42.0   0.0   0.0  20.0  38.0   0.0   0.0
  221.00  0.84677E+10  0.110  793.5  835.8 1012.1  43.0   0.0   0.0  20.0  37.0   0.0   0.0
  222.00  0.88938E+10  0.116  794.2  838.8 1016.7  44.0   0.0   0.0  20.0  37.0   0.0   0.0
  223.00  0.93577E+10  0.122  794.9  841.8 1021.4  44.0   0.0   0.0  19.0  36.0   0.0   0.0
  224.00  0.98408E+10  0.128  795.6  844.8 1026.1  45.0   0.0   0.0  19.0  36.0   0.0   0.0
  225.00  0.10342E+11  0.135  796.2  847.8 1030.8  45.0   0.0   0.0  19.0  36.0   0.0   0.0
  226.00  0.10860E+11  0.141  796.9  850.8 1035.5  46.0   0.0   0.0  19.0  35.0   0.0   0.0
  227.00  0.11397E+11  0.148  797.5  853.8 1040.2  47.0   0.0   0.0  18.0  35.0   0.0   0.0
  228.00  0.11952E+11  0.155  798.1  856.8 1044.8  47.0   0.0   0.0  18.0  34.0   0.0   0.0
  229.00  0.12525E+11  0.163  798.6  859.8 1049.5  48.0   0.0   0.0  18.0  34.0   0.0   0.0
  230.00  0.13117E+11  0.171  799.2  862.8 1054.2  49.0   0.0   0.0  18.0  33.0   0.0   0.0
  231.00  0.13727E+11  0.179  799.7  865.8 1058.9  49.0   0.0   0.0  18.0  33.0   0.0   0.0
  232.00  0.14356E+11  0.187  800.3  868.8 1063.6  50.0   0.0   0.0  17.0  33.0   0.0   0.0
  233.00  0.15003E+11  0.195  800.8  871.7 1068.3  51.0   0.0   0.0  17.0  32.0   0.0   0.0
  234.00  0.15669E+11  0.204  801.3  874.7 1072.9  51.0   0.0   0.0  17.0  32.0   0.0   0.0
  235.00  0.16354E+11  0.213  801.8  877.7 1077.6  52.0   0.0   0.0  17.0  31.0   0.0   0.0
  236.00  0.17057E+11  0.222  802.3  880.7 1082.3  53.0   0.0   0.0  16.0  31.0   0.0   0.0
  237.00  0.17778E+11  0.231  802.7  883.7 1087.0  53.0   0.0   0.0  16.0  30.0   0.0   0.0
  238.00  0.18517E+11  0.241  803.2  886.7 1091.7  54.0   0.0   0.0  16.0  30.0   0.0   0.0
  239.00  0.19275E+11  0.251  803.6  889.7 1096.4  55.0   0.0   0.0  16.0  30.0   0.0   0.0
  240.00  0.20050E+11  0.261  804.0  892.7 1101.1  55.0   0.0   0.0  16.0  29.0   0.0   0.0
  241.00  0.20842E+11  0.271  804.4  895.7 1105.7  56.0   0.0   0.0  15.0  29.0   0.0   0.0
  242.00  0.21652E+11  0.282  804.8  898.7 1110.4  57.0   0.0   0.0  15.0  28.0   0.0   0.0
  243.00  0.22479E+11  0.292  805.2  901.7 1115.1  57.0   0.0   0.0  15.0  28.0   0.0   0.0
  244.00  0.23322E+11  0.303  805.6  904.7 1119.8  58.0   0.0   0.0  15.0  27.0   0.0   0.0
  245.00  0.24181E+11  0.315  805.9  907.7 1124.5  59.0   0.0   0.0  14.0  27.0   0.0   0.0
  246.00  0.25056E+11  0.326  806.3  910.7 1129.2  59.0   0.0   0.0  14.0  27.0   0.0   0.0
  247.00  0.25946E+11  0.338  806.6  913.7 1133.8  60.0   0.0   0.0  14.0  26.0   0.0   0.0
  248.00  0.26850E+11  0.349  807.0  916.7 1138.5  61.0   0.0   0.0  14.0  26.0   0.0   0.0
  249.00  0.27769E+11  0.361  807.3  919.7 1143.2  61.0   0.0   0.0  13.0  25.0   0.0   0.0
  250.00  0.28701E+11  0.373  807.6  922.7 1147.9  62.0   0.0   0.0  13.0  25.0   0.0   0.0
  251.00  0.29645E+11  0.386  807.9  925.6 1152.6  63.0   0.0   0.0  13.0  24.0   0.0   0.0
  252.00  0.30602E+11  0.398  808.2  928.6 1157.3  64.0   0.0   0.0  13.0  24.0   0.0   0.0
  253.00  0.31570E+11  0.411  808.5  931.6 1161.9  65.0   0.0   0.0  12.0  23.0   0.0   0.0
  254.00  0.32548E+11  0.423  808.8  934.6 1166.6  65.0   0.0   0.0  12.0  22.0   0.0   0.0
  255.00  0.33537E+11  0.436  809.1  937.6 1171.3  66.0   0.0   0.0  12.0  22.0   0.0   0.0
  256.00  0.34534E+11  0.449  809.3  940.6 1176.0  67.0   0.0   0.0  11.0  21.0   0.0   0.0
  257.00  0.35540E+11  0.462  809.6  943.6 1180.7  68.0   0.0   0.0  11.0  21.0   0.0   0.0
  258.00  0.36552E+11  0.476  809.9  946.6 1185.4  69.0   0.0   0.0  11.0  20.0   0.0   0.0
  259.00  0.37572E+11  0.489  810.1  949.6 1190.0  70.0   0.0   0.0  11.0  19.0   0.0   0.0
  260.00  0.38596E+11  0.502  810.3  952.6 1194.7  71.0   0.0   0.0  10.0  19.0   0.0   0.0
  261.00  0.39626E+11  0.516  810.6  955.6 1199.4  72.0   0.0   0.0  10.0  18.0   0.0   0.0
  262.00  0.40658E+11  0.529  810.8  958.6 1204.1  73.0   0.0   0.0  10.0  18.0   0.0   0.0
  263.00  0.41694E+11  0.542  811.0  961.6 1208.8  74.0   0.0   0.0   9.0  17.0   0.0   0.0
  264.00  0.42731E+11  0.556  811.2  964.6 1213.5  75.0   0.0   0.0   9.0  16.0   0.0   0.0
  265.00  0.43768E+11  0.569  811.4  967.6 1218.1  75.0   0.0   0.0   9.0  16.0   0.0   0.0
  266.00  0.44805E+11  0.583  811.6  970.6 1222.8  76.0   0.0   0.0   8.0  15.0   0.0   0.0
  267.00  0.45840E+11  0.596  811.8  973.6 1227.5  77.0   0.0   0.0   8.0  15.0   0.0   0.0
  268.00  0.46873E+11  0.610  812.0  976.6 1232.2  78.0   0.0   0.0   8.0  14.0   0.0   0.0
  269.00  0.47902E+11  0.623  812.2  979.6 1236.9  79.0   0.0   0.0   7.0  13.0   0.0   0.0
  270.00  0.48926E+11  0.637  812.4  982.5 1241.6  80.0   0.0   0.0   7.0  13.0   0.0   0.0
  271.00  0.49944E+11  0.650  812.6  985.5 1246.2  80.0   0.0   0.0   7.0  13.0   0.0   0.0
  272.00  0.50956E+11  0.663  812.7  988.5 1250.9  81.0   0.0   0.0   7.0  12.0   0.0   0.0
  273.00  0.51959E+11  0.676  812.9  991.5 1255.6  81.0   0.0   0.0   7.0  12.0   0.0   0.0
  274.00  0.52954E+11  0.689  813.1  994.5 1260.3  82.0   0.0   0.0   6.0  12.0   0.0   0.0
  275.00  0.53939E+11  0.702  813.2  997.5 1265.0  82.0   0.0   0.0   6.0  11.0   0.0   0.0
  276.00  0.54912E+11  0.714  813.4 1000.5 1269.6  83.0   0.0   0.0   6.0  11.0   0.0   0.0
  277.00  0.55873E+11  0.727  813.5 1003.5 1274.3  83.0   0.0   0.0   6.0  11.0   0.0   0.0
  278.00  0.56822E+11  0.739  813.7 1006.5 1279.0  84.0   0.0   0.0   6.0  10.0   0.0   0.0
  279.00  0.57756E+11  0.751  813.8 1009.5 1283.7  84.0   0.0   0.0   6.0  10.0   0.0   0.0
  280.00  0.58675E+11  0.763  813.9 1012.5 1288.3  85.0   0.0   0.0   5.0  10.0   0.0   0.0
  281.00  0.59578E+11  0.775  814.1 1015.5 1293.0  85.0   0.0   0.0   5.0  10.0   0.0   0.0
  282.00  0.60464E+11  0.787  814.2 1018.5 1297.6  86.0   0.0   0.0   5.0   9.0   0.0   0.0
  283.00  0.61333E+11  0.798  814.3 1021.5 1302.3  86.0   0.0   0.0   5.0   9.0   0.0   0.0
  284.00  0.62183E+11  0.809  814.4 1024.5 1306.9  87.0   0.0   0.0   5.0   9.0   0.0   0.0
  285.00  0.63013E+11  0.820  814.5 1027.5 1311.6  87.0   0.0   0.0   5.0   8.0   0.0   0.0
  286.00  0.63823E+11  0.830  814.7 1030.5 1316.2  88.0   0.0   0.0   4.0   8.0   0.0   0.0
  287.00  0.64613E+11  0.841  814.8 1033.5 1320.8  88.0   0.0   0.0   4.0   8.0   0.0   0.0
  288.00  0.65380E+11  0.851  814.9 1036.4 1325.4  89.0   0.0   0.0   4.0   7.0   0.0   0.0
  289.00  0.66126E+11  0.860  815.0 1039.4 1330.0  89.0   0.0   0.0   4.0   7.0   0.0   0.0
  290.00  0.66848E+11  0.870  815.1 1042.4 1334.6  89.0   0.0   0.0   4.0   7.0   0.0   0.0
  291.00  0.67547E+11  0.879  815.2 1045.4 1339.1  90.0   0.0   0.0   4.0   7.0   0.0   0.0
  292.00  0.68222E+11  0.888  815.3 1048.4 1343.7  90.0   0.0   0.0   3.0   6.0   0.0   0.0
  293.00  0.68872E+11  0.896  815.4 1051.4 1348.1  91.0   0.0   0.0   3.0   6.0   0.0   0.0
  294.00  0.69497E+11  0.904  815.5 1054.4 1352.6  91.0   0.0   0.0   3.0   6.0   0.0   0.0
  295.00  0.70097E+11  0.912  815.6 1057.4 1357.0  92.0   0.0   0.0   3.0   5.0   0.0   0.0
  296.00  0.70671E+11  0.919  815.6 1060.4 1361.4  92.0   0.0   0.0   3.0   5.0   0.0   0.0
  297.00  0.71220E+11  0.927  815.7 1063.4 1365.7  93.0   0.0   0.0   3.0   5.0   0.0   0.0
  298.00  0.71742E+11  0.933  815.8 1066.4 1370.0  93.0   0.0   0.0   2.0   4.0   0.0   0.0
  299.00  0.72237E+11  0.940  815.9 1069.4 1374.3  94.0   0.0   0.0   2.0   4.0   0.0   0.0
  300.00  0.72707E+11  0.946  816.0 1072.4 1378.4  94.0   0.0   0.0   2.0   4.0   0.0   0.0
  301.00  0.73149E+11  0.952  816.0 1075.4 1382.6  97.4   0.1   0.0   0.0   0.0   0.0   2.5
  302.00  0.73566E+11  0.957  816.1 1078.4 1386.6  97.3   0.1   0.0   0.0   0.0   0.0   2.5
  303.00  0.73955E+11  0.962  816.2 1081.4 1390.7  97.3   0.1   0.0   0.0   0.0   0.0   2.5
  304.00  0.74319E+11  0.967  816.3 1084.4 1394.7  97.3   0.1   0.0   0.0   0.0   0.0   2.5
  305.00  0.74656E+11  0.971  816.3 1087.4 1398.6  97.3   0.1   0.0   0.0   0.0   0.0   2.5
  306.00  0.74967E+11  0.975  816.4 1090.4 1402.5  97.3   0.1   0.0   0.0   0.0   0.0   2.6
  307.00  0.75252E+11  0.979  816.5 1093.3 1406.3  97.3   0.1   0.0   0.0   0.0   0.0   2.6
  308.00  0.75512E+11  0.982  816.5 1096.3 1410.2  97.3   0.1   0.0   0.0   0.0   0.0   2.6
  309.00  0.75747E+11  0.985  816.6 1099.3 1413.9  97.3   0.1   0.0   0.0   0.0   0.0   2.6
  310.00  0.75957E+11  0.988  816.6 1102.3 1417.7  97.3   0.1   0.0   0.0   0.0   0.0   2.6
  311.00  0.76143E+11  0.991  816.7 1105.3 1421.5  97.3   0.1   0.0   0.0   0.0   0.0   2.6
  312.00  0.76306E+11  0.993  816.7 1108.3 1425.2  97.3   0.1   0.0   0.0   0.0   0.0   2.6
  313.00  0.76446E+11  0.995  816.8 1111.3 1428.9  97.3   0.1   0.0   0.0   0.0   0.0   2.6
  314.00  0.76564E+11  0.996  816.8 1114.3 1432.6  97.3   0.1   0.0   0.0   0.0   0.0   2.6
  315.00  0.76661E+11  0.997  816.9 1117.3 1436.3  97.3   0.1   0.0   0.0   0.0   0.0   2.6
  316.00  0.76738E+11  0.998  816.9 1120.3 1439.9  97.3   0.1   0.0   0.0   0.0   0.0   2.6
  317.00  0.76795E+11  0.999  817.0 1123.3 1443.6  97.3   0.1   0.0   0.0   0.0   0.0   2.6
  318.00  0.76834E+11  1.000  817.0 1126.3 1447.3  97.3   0.1   0.0   0.0   0.0   0.0   2.6
  319.00  0.76856E+11  1.000  817.1 1129.3 1450.9  97.2   0.1   0.0   0.0   0.0   0.0   2.6
  320.00  0.76863E+11  1.000  817.1 1132.3 1454.6  97.2   0.1   0.0   0.0   0.0   0.0   2.6
  321.00  0.76858E+11  1.000  817.2 1135.3 1458.2  97.2   0.1   0.0   0.0   0.0   0.0   2.6
  322.00  0.76842E+11  1.000  817.2 1138.3 1461.9  97.2   0.1   0.0   0.0   0.0   0.0   2.6
  323.00  0.76814E+11  0.999  817.3 1141.3 1465.5  97.2   0.1   0.0   0.0   0.0   0.0   2.6
  324.00  0.76776E+11  0.999  817.3 1144.3 1469.1  97.2   0.1   0.0   0.0   0.0   0.0   2.6
  325.00  0.76726E+11  0.998  817.3 1147.2 1472.8  97.2   0.1   0.0   0.0   0.0   0.0   2.6
  326.00  0.76666E+11  0.997  817.4 1150.2 1476.4  97.2   0.1   0.0   0.0   0.0   0.0   2.6
  327.00  0.76595E+11  0.997  817.4 1153.2 1480.0  97.2   0.1   0.0   0.0   0.0   0.0   2.6
  328.00  0.76514E+11  0.995  817.4 1156.2 1483.7  97.2   0.1   0.0   0.0   0.0   0.0   2.6
  329.00  0.76422E+11  0.994  817.5 1159.2 1487.3  97.2   0.1   0.0   0.0   0.0   0.0   2.6
  330.00  0.76321E+11  0.993  817.5 1162.2 1490.9  97.2   0.1   0.0   0.0   0.0   0.0   2.6
  331.00  0.76210E+11  0.991  817.5 1165.2 1494.6  97.2   0.2   0.0   0.0   0.0   0.0   2.6
  332.00  0.76089E+11  0.990  817.6 1168.2 1498.2  97.2   0.2   0.0   0.0   0.0   0.0   2.6
  333.00  0.75958E+11  0.988  817.6 1171.2 1501.8  97.2   0.2   0.0   0.0   0.0   0.0   2.6
  334.00  0.75819E+11  0.986  817.6 1174.2 1505.5  97.2   0.2   0.0   0.0   0.0   0.0   2.6
  335.00  0.75670E+11  0.984  817.7 1177.2 1509.1  97.1   0.2   0.1   0.0   0.0   0.0   2.6
  336.00  0.75513E+11  0.982  817.7 1180.2 1512.7  97.1   0.2   0.1   0.0   0.0   0.0   2.6
  337.00  0.75346E+11  0.980  817.7 1183.2 1516.4  97.1   0.2   0.1   0.0   0.0   0.0   2.6
  338.00  0.75172E+11  0.978  817.8 1186.2 1520.0  97.1   0.2   0.1   0.0   0.0   0.0   2.7
  339.00  0.74989E+11  0.976  817.8 1189.2 1523.6  97.1   0.2   0.1   0.0   0.0   0.0   2.7
  340.00  0.74798E+11  0.973  817.8 1192.2 1527.2  97.1   0.2   0.1   0.0   0.0   0.0   2.7
  341.00  0.74599E+11  0.971  817.8 1195.2 1530.9  97.1   0.2   0.1   0.0   0.0   0.0   2.7
  342.00  0.74392E+11  0.968  817.9 1198.2 1534.5  97.1   0.2   0.1   0.0   0.0   0.0   2.7
  343.00  0.74178E+11  0.965  817.9 1201.1 1538.1  97.1   0.2   0.1   0.0   0.0   0.0   2.7
  344.00  0.73956E+11  0.962  817.9 1204.1 1541.8  97.1   0.2   0.1   0.0   0.0   0.0   2.7
  345.00  0.73728E+11  0.959  817.9 1207.1 1545.4  97.1   0.2   0.1   0.0   0.0   0.0   2.7
  346.00  0.73492E+11  0.956  817.9 1210.1 1549.0  97.1   0.2   0.1   0.0   0.0   0.0   2.7
  347.00  0.73250E+11  0.953  818.0 1213.1 1552.6  97.1   0.2   0.1   0.0   0.0   0.0   2.7
  348.00  0.73001E+11  0.950  818.0 1216.1 1556.3  97.0   0.2   0.1   0.0   0.0   0.0   2.7
  349.00  0.72746E+11  0.946  818.0 1219.1 1559.9  97.0   0.2   0.1   0.0   0.0   0.0   2.7
  350.00  0.72485E+11  0.943  818.0 1222.1 1563.5  97.0   0.2   0.1   0.0   0.0   0.0   2.7
  351.00  0.72218E+11  0.940  818.0 1225.1 1567.2  97.0   0.2   0.1   0.0   0.0   0.0   2.7
  352.00  0.71945E+11  0.936  818.1 1228.1 1570.8  97.0   0.2   0.1   0.0   0.0   0.0   2.7
  353.00  0.71667E+11  0.932  818.1 1231.1 1574.4  97.0   0.2   0.1   0.0   0.0   0.0   2.7
  354.00  0.71383E+11  0.929  818.1 1234.1 1578.0  97.0   0.2   0.1   0.0   0.0   0.0   2.7
  355.00  0.71094E+11  0.925  818.1 1237.1 1581.7  97.0   0.2   0.1   0.0   0.0   0.0   2.7
  356.00  0.70801E+11  0.921  818.1 1240.1 1585.3  97.0   0.2   0.1   0.0   0.0   0.0   2.7
  357.00  0.70502E+11  0.917  818.1 1243.1 1588.9  97.0   0.2   0.1   0.0   0.0   0.0   2.7
  358.00  0.70198E+11  0.913  818.2 1246.1 1592.6  97.0   0.2   0.1   0.0   0.0   0.0   2.7
  359.00  0.69891E+11  0.909  818.2 1249.0 1596.2  96.9   0.3   0.1   0.0   0.0   0.0   2.7
  360.00  0.69579E+11  0.905  818.2 1252.0 1599.8  96.9   0.3   0.1   0.0   0.0   0.0   2.7
  361.00  0.69262E+11  0.901  818.2 1255.0 1603.4  96.9   0.3   0.1   0.0   0.0   0.0   2.7
  362.00  0.68942E+11  0.897  818.2 1258.0 1607.1  96.9   0.3   0.1   0.0   0.0   0.0   2.7
  363.00  0.68618E+11  0.893  818.2 1261.0 1610.7  96.9   0.3   0.1   0.0   0.0   0.0   2.7
  364.00  0.68291E+11  0.888  818.2 1264.0 1614.3  96.9   0.3   0.1   0.0   0.0   0.0   2.7
  365.00  0.67960E+11  0.884  818.3 1267.0 1618.0  96.9   0.3   0.1   0.0   0.0   0.0   2.7
  366.00  0.67626E+11  0.880  818.3 1270.0 1621.6  96.9   0.3   0.1   0.0   0.0   0.0   2.7
  367.00  0.67288E+11  0.875  818.3 1273.0 1625.2  96.9   0.3   0.1   0.0   0.0   0.0   2.7
  368.00  0.66948E+11  0.871  818.3 1276.0 1628.8  96.9   0.3   0.1   0.0   0.0   0.0   2.8
  369.00  0.66605E+11  0.867  818.3 1278.9 1632.5  96.9   0.3   0.1   0.0   0.0   0.0   2.8
  370.00  0.66259E+11  0.862  818.3 1281.9 1636.1  96.8   0.3   0.1   0.0   0.0   0.0   2.8
  371.00  0.65911E+11  0.858  818.3 1284.9 1639.7  96.8   0.3   0.1   0.0   0.0   0.0   2.8
  372.00  0.65560E+11  0.853  818.3 1287.9 1643.4  96.8   0.3   0.1   0.0   0.0   0.0   2.8
  373.00  0.65207E+11  0.848  818.3 1290.9 1647.0  96.8   0.3   0.1   0.0   0.0   0.0   2.8
  374.00  0.64852E+11  0.844  818.4 1293.9 1650.6  96.8   0.3   0.1   0.0   0.0   0.0   2.8
  375.00  0.64495E+11  0.839  818.4 1296.9 1654.2  96.8   0.3   0.1   0.0   0.0   0.0   2.8
  376.00  0.64137E+11  0.834  818.4 1299.8 1657.9  96.8   0.3   0.1   0.0   0.0   0.0   2.8
  377.00  0.63776E+11  0.830  818.4 1302.8 1661.5  96.8   0.3   0.1   0.0   0.0   0.0   2.8
  378.00  0.63414E+11  0.825  818.4 1305.8 1665.1  96.8   0.4   0.1   0.0   0.0   0.0   2.8
  379.00  0.63051E+11  0.820  818.4 1308.8 1668.8  96.7   0.4   0.1   0.0   0.0   0.0   2.8
  380.00  0.62686E+11  0.816  818.4 1311.8 1672.4  96.7   0.4   0.1   0.0   0.0   0.0   2.8
  381.00  0.62320E+11  0.811  818.4 1314.7 1676.0  96.7   0.4   0.1   0.0   0.0   0.0   2.8
  382.00  0.61954E+11  0.806  818.4 1317.7 1679.6  96.7   0.4   0.1   0.0   0.0   0.0   2.8
  383.00  0.61586E+11  0.801  818.4 1320.7 1683.3  96.7   0.4   0.1   0.0   0.0   0.0   2.8
  384.00  0.61217E+11  0.796  818.4 1323.7 1686.9  96.7   0.4   0.1   0.0   0.0   0.0   2.8
  385.00  0.60847E+11  0.792  818.4 1326.6 1690.5  96.7   0.4   0.1   0.0   0.0   0.0   2.8
  386.00  0.60477E+11  0.787  818.5 1329.6 1694.2  96.7   0.4   0.1   0.0   0.0   0.0   2.8
  387.00  0.60107E+11  0.782  818.5 1332.5 1697.8  96.6   0.4   0.1   0.0   0.0   0.0   2.8
  388.00  0.59736E+11  0.777  818.5 1335.5 1701.4  96.6   0.4   0.1   0.0   0.0   0.0   2.8
  389.00  0.59364E+11  0.772  818.5 1338.4 1705.0  96.6   0.4   0.1   0.0   0.0   0.0   2.8
  390.00  0.58993E+11  0.768  818.5 1341.4 1708.7  96.6   0.4   0.1   0.0   0.0   0.0   2.8
  391.00  0.58621E+11  0.763  818.5 1344.3 1712.3  96.6   0.5   0.1   0.0   0.0   0.0   2.8
  392.00  0.58249E+11  0.758  818.5 1347.3 1715.9  96.6   0.5   0.1   0.0   0.0   0.0   2.8
  393.00  0.57878E+11  0.753  818.5 1350.2 1719.6  96.6   0.5   0.1   0.0   0.0   0.0   2.8
  394.00  0.57506E+11  0.748  818.5 1353.1 1723.2  96.5   0.5   0.1   0.0   0.0   0.0   2.8
  395.00  0.57135E+11  0.743  818.5 1356.0 1726.8  96.5   0.5   0.2   0.0   0.0   0.0   2.8
  396.00  0.56764E+11  0.739  818.5 1358.9 1730.4  96.5   0.5   0.2   0.0   0.0   0.0   2.8
  397.00  0.56393E+11  0.734  818.5 1361.8 1734.1  96.5   0.5   0.2   0.0   0.0   0.0   2.8
  398.00  0.56023E+11  0.729  818.5 1364.7 1737.7  96.5   0.5   0.2   0.0   0.0   0.0   2.8
  399.00  0.55653E+11  0.724  818.5 1367.6 1741.3  96.5   0.5   0.2   0.0   0.0   0.0   2.9
  400.00  0.55284E+11  0.719  818.5 1370.5 1745.0  96.4   0.5   0.2   0.0   0.0   0.0   2.9
  401.00  0.54916E+11  0.714  818.5 1373.3 1748.6  96.4   0.5   0.2   0.0   0.0   0.0   2.9
  402.00  0.54548E+11  0.710  818.5 1376.2 1752.2  96.4   0.6   0.2   0.0   0.0   0.0   2.9
  403.00  0.54181E+11  0.705  818.5 1379.0 1755.9  96.4   0.6   0.2   0.0   0.0   0.0   2.9
  404.00  0.53815E+11  0.700  818.6 1381.8 1759.5  96.4   0.6   0.2   0.0   0.0   0.0   2.9
  405.00  0.53450E+11  0.695  818.6 1384.6 1763.1  96.4   0.6   0.2   0.0   0.0   0.0   2.9
  406.00  0.53085E+11  0.691  818.6 1387.4 1766.7  96.4   0.6   0.2   0.0   0.0   0.0   2.9
  407.00  0.52722E+11  0.686  818.6 1390.1 1770.4  96.3   0.6   0.2   0.0   0.0   0.0   2.9
  408.00  0.52360E+11  0.681  818.6 1392.9 1774.0  96.3   0.6   0.2   0.0   0.0   0.0   2.9
  409.00  0.51999E+11  0.677  818.6 1395.6 1777.6  96.3   0.6   0.2   0.0   0.0   0.0   2.9
  410.00  0.51639E+11  0.672  818.6 1398.2 1781.3  96.3   0.6   0.2   0.0   0.0   0.0   2.9
  411.00  0.51281E+11  0.667  818.6 1400.9 1784.9  96.3   0.6   0.2   0.0   0.0   0.0   2.9
  412.00  0.50924E+11  0.663  818.6 1403.5 1788.5  96.2   0.7   0.2   0.0   0.0   0.0   2.9
  413.00  0.50568E+11  0.658  818.6 1406.1 1792.1  96.2   0.7   0.2   0.0   0.0   0.0   2.9
  414.00  0.50213E+11  0.653  818.6 1408.6 1795.8  96.2   0.7   0.2   0.0   0.0   0.0   2.9
  415.00  0.49860E+11  0.649  818.6 1411.1 1799.4  96.2   0.7   0.2   0.0   0.0   0.0   2.9
  416.00  0.49508E+11  0.644  818.6 1413.6 1803.0  96.2   0.7   0.2   0.0   0.0   0.0   2.9
  417.00  0.49158E+11  0.640  818.6 1416.0 1806.7  96.1   0.7   0.2   0.0   0.0   0.0   2.9
  418.00  0.48810E+11  0.635  818.6 1418.4 1810.3  96.1   0.7   0.2   0.0   0.0   0.0   2.9
  419.00  0.48462E+11  0.631  818.6 1420.7 1813.9  96.1   0.8   0.2   0.0   0.0   0.0   2.9
  420.00  0.48117E+11  0.626  818.6 1422.9 1817.5  96.1   0.8   0.2   0.0   0.0   0.0   2.9
  421.00  0.47773E+11  0.622  818.6 1425.2 1821.2  96.1   0.8   0.2   0.0   0.0   0.0   2.9
  422.00  0.47431E+11  0.617  818.6 1427.3 1824.8  96.0   0.8   0.2   0.0   0.0   0.0   2.9
  423.00  0.47090E+11  0.613  818.6 1429.4 1828.4  96.0   0.8   0.2   0.0   0.0   0.0   2.9
  424.00  0.46751E+11  0.608  818.6 1431.4 1832.1  96.0   0.8   0.3   0.0   0.0   0.0   2.9
  425.00  0.46414E+11  0.604  818.6 1433.4 1835.7  96.0   0.8   0.3   0.0   0.0   0.0   2.9
  426.00  0.46079E+11  0.599  818.6 1435.3 1839.3  95.9   0.9   0.3   0.0   0.0   0.0   2.9
  427.00  0.45745E+11  0.595  818.6 1437.1 1842.9  95.9   0.9   0.3   0.0   0.0   0.0   2.9
  428.00  0.45413E+11  0.591  818.6 1438.9 1846.6  95.9   0.9   0.3   0.0   0.0   0.0   2.9
  429.00  0.45083E+11  0.587  818.6 1440.6 1850.2  95.9   0.9   0.3   0.0   0.0   0.0   2.9
  430.00  0.44755E+11  0.582  818.6 1442.2 1853.8  95.9   0.9   0.3   0.0   0.0   0.0   2.9
  431.00  0.44429E+11  0.578  818.6 1443.8 1857.5  95.8   0.9   0.3   0.0   0.0   0.0   3.0
  432.00  0.44104E+11  0.574  818.6 1445.3 1861.1  95.8   0.9   0.3   0.0   0.0   0.0   3.0
  433.00  0.43782E+11  0.570  818.6 1446.7 1864.7  95.8   1.0   0.3   0.0   0.0   0.0   3.0
  434.00  0.43461E+11  0.565  818.6 1448.0 1868.3  95.8   1.0   0.3   0.0   0.0   0.0   3.0
  435.00  0.43143E+11  0.561  818.6 1449.3 1872.0  95.7   1.0   0.3   0.0   0.0   0.0   3.0
  436.00  0.42826E+11  0.557  818.6 1450.5 1875.6  95.7   1.0   0.3   0.0   0.0   0.0   3.0
  437.00  0.42511E+11  0.553  818.6 1451.7 1879.2  95.7   1.0   0.3   0.0   0.0   0.0   3.0
  438.00  0.42198E+11  0.549  818.6 1452.8 1882.9  95.6   1.1   0.3   0.0   0.0   0.0   3.0
  439.00  0.41887E+11  0.545  818.7 1453.8 1886.5  95.6   1.1   0.3   0.0   0.0   0.0   3.0
  440.00  0.41579E+11  0.541  818.7 1454.8 1890.1  95.6   1.1   0.3   0.0   0.0   0.0   3.0
  441.00  0.41272E+11  0.537  818.7 1455.7 1893.7  95.6   1.1   0.3   0.0   0.0   0.0   3.0
  442.00  0.40967E+11  0.533  818.7 1456.5 1897.4  95.5   1.1   0.4   0.0   0.0   0.0   3.0
  443.00  0.40664E+11  0.529  818.7 1457.3 1901.0  95.5   1.2   0.4   0.0   0.0   0.0   3.0
  444.00  0.40363E+11  0.525  818.7 1458.1 1904.6  95.5   1.2   0.4   0.0   0.0   0.0   3.0
  445.00  0.40064E+11  0.521  818.7 1458.8 1908.3  95.4   1.2   0.4   0.0   0.0   0.0   3.0
  446.00  0.39767E+11  0.517  818.7 1459.5 1911.9  95.4   1.2   0.4   0.0   0.0   0.0   3.0
  447.00  0.39472E+11  0.514  818.7 1460.1 1915.5  95.4   1.2   0.4   0.0   0.0   0.0   3.0
  448.00  0.39179E+11  0.510  818.7 1460.7 1919.1  95.3   1.3   0.4   0.0   0.0   0.0   3.0
  449.00  0.38889E+11  0.506  818.7 1461.3 1922.8  95.3   1.3   0.4   0.0   0.0   0.0   3.0
  450.00  0.38600E+11  0.502  818.7 1461.9 1926.4  95.3   1.3   0.4   0.0   0.0   0.0   3.0
  451.00  0.38313E+11  0.498  818.7 1462.4 1930.0  95.2   1.3   0.4   0.0   0.0   0.0   3.0
  452.00  0.38028E+11  0.495  818.7 1462.8 1933.7  95.2   1.4   0.4   0.0   0.0   0.0   3.0
  453.00  0.37746E+11  0.491  818.7 1463.3 1937.3  95.2   1.4   0.4   0.0   0.0   0.0   3.0
  454.00  0.37465E+11  0.487  818.7 1463.7 1940.9  95.1   1.4   0.4   0.0   0.0   0.0   3.0
  455.00  0.37186E+11  0.484  818.7 1464.1 1944.5  95.1   1.4   0.4   0.0   0.0   0.0   3.0
  456.00  0.36910E+11  0.480  818.7 1464.5 1948.2  95.1   1.5   0.5   0.0   0.0   0.0   3.0
  457.00  0.36635E+11  0.477  818.7 1464.9 1951.8  95.0   1.5   0.5   0.0   0.0   0.0   3.0
  458.00  0.36362E+11  0.473  818.7 1465.2 1955.4  95.0   1.5   0.5   0.0   0.0   0.0   3.0
  459.00  0.36092E+11  0.470  818.7 1465.6 1959.1  94.9   1.5   0.5   0.0   0.0   0.0   3.0
  460.00  0.35823E+11  0.466  818.7 1465.9 1962.7  94.9   1.6   0.5   0.0   0.0   0.0   3.0
  461.00  0.35557E+11  0.463  818.7 1466.2 1966.3  94.9   1.6   0.5   0.0   0.0   0.0   3.0
  462.00  0.35292E+11  0.459  818.7 1466.5 1969.9  94.8   1.6   0.5   0.0   0.0   0.0   3.0
  463.00  0.35030E+11  0.456  818.7 1466.8 1973.6  94.8   1.7   0.5   0.0   0.0   0.0   3.0
  464.00  0.34769E+11  0.452  818.7 1467.1 1977.2  94.7   1.7   0.5   0.0   0.0   0.0   3.0
  465.00  0.34510E+11  0.449  818.7 1467.4 1980.8  94.7   1.7   0.5   0.0   0.0   0.0   3.0
  466.00  0.34254E+11  0.446  818.7 1467.6 1984.5  94.7   1.8   0.5   0.0   0.0   0.0   3.0
  467.00  0.33999E+11  0.442  818.7 1467.9 1988.1  94.6   1.8   0.6   0.0   0.0   0.0   3.1
  468.00  0.33747E+11  0.439  818.7 1468.2 1991.7  94.6   1.8   0.6   0.0   0.0   0.0   3.1
  469.00  0.33496E+11  0.436  818.7 1468.4 1995.3  94.5   1.8   0.6   0.0   0.0   0.0   3.1
  470.00  0.33247E+11  0.433  818.7 1468.6 1999.0  94.5   1.9   0.6   0.0   0.0   0.0   3.1
  471.00  0.33000E+11  0.429  818.7 1468.9 2002.6  94.4   1.9   0.6   0.0   0.0   0.0   3.1
  472.00  0.32755E+11  0.426  818.7 1469.1 2006.2  94.4   1.9   0.6   0.0   0.0   0.0   3.1
  473.00  0.32512E+11  0.423  818.7 1469.3 2009.8  94.3   2.0   0.6   0.0   0.0   0.0   3.1
  474.00  0.32271E+11  0.420  818.7 1469.5 2013.5  94.3   2.0   0.6   0.0   0.0   0.0   3.1
  475.00  0.32032E+11  0.417  818.7 1469.8 2017.1  94.2   2.1   0.6   0.0   0.0   0.0   3.1
  476.00  0.31795E+11  0.414  818.7 1470.0 2020.7  94.2   2.1   0.6   0.0   0.0   0.0   3.1
  477.00  0.31560E+11  0.411  818.7 1470.2 2024.4  94.1   2.1   0.7   0.0   0.0   0.0   3.1
  478.00  0.31326E+11  0.408  818.7 1470.4 2028.0  94.1   2.2   0.7   0.0   0.0   0.0   3.1
  479.00  0.31095E+11  0.405  818.7 1470.6 2031.6  94.0   2.2   0.7   0.0   0.0   0.0   3.1
  480.00  0.30865E+11  0.402  818.7 1470.8 2035.2  94.0   2.2   0.7   0.0   0.0   0.0   3.1
  481.00  0.30637E+11  0.399  818.7 1471.0 2038.9  93.9   2.3   0.7   0.0   0.0   0.0   3.1
  482.00  0.30411E+11  0.396  818.7 1471.2 2042.5  93.9   2.3   0.7   0.0   0.0   0.0   3.1
  483.00  0.30187E+11  0.393  818.7 1471.4 2046.1  93.8   2.4   0.7   0.0   0.0   0.0   3.1
  484.00  0.29965E+11  0.390  818.7 1471.6 2049.7  93.8   2.4   0.7   0.0   0.0   0.0   3.1
  485.00  0.29744E+11  0.387  818.7 1471.8 2053.4  93.7   2.5   0.8   0.0   0.0   0.0   3.1
  486.00  0.29525E+11  0.384  818.7 1472.0 2057.0  93.6   2.5   0.8   0.0   0.0   0.0   3.1
  487.00  0.29309E+11  0.381  818.7 1472.2 2060.6  93.6   2.5   0.8   0.0   0.0   0.0   3.1
  488.00  0.29093E+11  0.379  818.7 1472.4 2064.2  93.5   2.6   0.8   0.0   0.0   0.0   3.1
  489.00  0.28880E+11  0.376  818.7 1472.6 2067.9  93.5   2.6   0.8   0.0   0.0   0.0   3.1
  490.00  0.28668E+11  0.373  818.7 1472.8 2071.5  93.4   2.7   0.8   0.0   0.0   0.0   3.1
  491.00  0.28459E+11  0.370  818.7 1473.0 2075.1  93.3   2.7   0.8   0.0   0.0   0.0   3.1
  492.00  0.28250E+11  0.368  818.7 1473.2 2078.7  93.3   2.8   0.9   0.0   0.0   0.0   3.1
  493.00  0.28044E+11  0.365  818.7 1473.4 2082.4  93.2   2.8   0.9   0.0   0.0   0.0   3.1
  494.00  0.27839E+11  0.362  818.7 1473.6 2086.0  93.1   2.9   0.9   0.0   0.0   0.0   3.1
  495.00  0.27636E+11  0.360  818.7 1473.8 2089.6  93.1   2.9   0.9   0.0   0.0   0.0   3.1
  496.00  0.27435E+11  0.357  818.7 1474.0 2093.2  93.0   3.0   0.9   0.0   0.0   0.0   3.1
  497.00  0.27235E+11  0.354  818.7 1474.1 2096.8  92.9   3.0   0.9   0.0   0.0   0.0   3.1
  498.00  0.27037E+11  0.352  818.7 1474.3 2100.4  92.8   3.1   1.0   0.0   0.0   0.0   3.1
  499.00  0.26841E+11  0.349  818.7 1474.5 2104.1  92.8   3.1   1.0   0.0   0.0   0.0   3.1
  500.00  0.26646E+11  0.347  818.7 1474.7 2107.7  92.7   3.2   1.0   0.0   0.0   0.0   3.1
  501.00  0.26453E+11  0.344  818.7 1474.9 2111.3  92.6   3.3   1.0   0.0   0.0   0.0   3.1
  502.00  0.26262E+11  0.342  818.7 1475.1 2114.9  92.5   3.3   1.0   0.0   0.0   0.0   3.1
  503.00  0.26072E+11  0.339  818.7 1475.3 2118.5  92.5   3.4   1.0   0.0   0.0   0.0   3.1
  504.00  0.25884E+11  0.337  818.7 1475.5 2122.1  92.4   3.4   1.1   0.0   0.0   0.0   3.1
  505.00  0.25697E+11  0.334  818.7 1475.7 2125.7  92.3   3.5   1.1   0.0   0.0   0.0   3.1
  506.00  0.25512E+11  0.332  818.7 1475.8 2129.3  92.2   3.6   1.1   0.0   0.0   0.0   3.1
  507.00  0.25329E+11  0.330  818.7 1476.0 2132.9  92.1   3.6   1.1   0.0   0.0   0.0   3.1
  508.00  0.25147E+11  0.327  818.7 1476.2 2136.5  92.1   3.7   1.1   0.0   0.0   0.0   3.1
  509.00  0.24966E+11  0.325  818.7 1476.4 2140.1  92.0   3.7   1.2   0.0   0.0   0.0   3.1
  510.00  0.24788E+11  0.322  818.7 1476.6 2143.7  91.9   3.8   1.2   0.0   0.0   0.0   3.1
  511.00  0.24610E+11  0.320  818.7 1476.8 2147.3  91.8   3.9   1.2   0.0   0.0   0.0   3.1
  512.00  0.24434E+11  0.318  818.7 1477.0 2150.8  91.7   3.9   1.2   0.0   0.0   0.0   3.1
  513.00  0.24260E+11  0.316  818.7 1477.2 2154.4  91.6   4.0   1.2   0.0   0.0   0.0   3.1
  514.00  0.24087E+11  0.313  818.7 1477.3 2158.0  91.5   4.1   1.3   0.0   0.0   0.0   3.1
  515.00  0.23916E+11  0.311  818.7 1477.5 2161.6  91.4   4.2   1.3   0.0   0.0   0.0   3.1
  516.00  0.23746E+11  0.309  818.7 1477.7 2165.1  91.3   4.2   1.3   0.0   0.0   0.0   3.1
  517.00  0.23577E+11  0.307  818.7 1477.9 2168.7  91.2   4.3   1.3   0.0   0.0   0.0   3.1
  518.00  0.23410E+11  0.305  818.7 1478.1 2172.2  91.1   4.4   1.3   0.0   0.0   0.0   3.1
  519.00  0.23245E+11  0.302  818.7 1478.3 2175.7  91.0   4.5   1.4   0.0   0.0   0.0   3.1
  520.00  0.23080E+11  0.300  818.7 1478.5 2179.2  90.9   4.5   1.4   0.0   0.0   0.0   3.1
  521.00  0.22917E+11  0.298  818.7 1478.7 2182.8  90.8   4.6   1.4   0.0   0.0   0.0   3.1
  522.00  0.22756E+11  0.296  818.7 1478.8 2186.2  90.7   4.7   1.4   0.0   0.0   0.0   3.1
  523.00  0.22596E+11  0.294  818.7 1479.0 2189.7  90.6   4.8   1.5   0.0   0.0   0.0   3.1
  524.00  0.22437E+11  0.292  818.7 1479.2 2193.2  90.5   4.9   1.5   0.0   0.0   0.0   3.1
  525.00  0.22280E+11  0.290  818.7 1479.4 2196.7  90.4   4.9   1.5   0.0   0.0   0.0   3.1
  526.00  0.22124E+11  0.288  818.7 1479.6 2200.1  90.3   5.0   1.5   0.0   0.0   0.0   3.1
  527.00  0.21969E+11  0.286  818.7 1479.8 2203.5  90.2   5.1   1.6   0.0   0.0   0.0   3.1
  528.00  0.21816E+11  0.284  818.7 1480.0 2206.9  90.1   5.2   1.6   0.0   0.0   0.0   3.1
  529.00  0.21664E+11  0.282  818.7 1480.1 2210.3  90.0   5.3   1.6   0.0   0.0   0.0   3.1
  530.00  0.21513E+11  0.280  818.7 1480.3 2213.6  89.8   5.4   1.7   0.0   0.0   0.0   3.1
  531.00  0.21363E+11  0.278  818.7 1480.5 2217.0  89.7   5.5   1.7   0.0   0.0   0.0   3.1
  532.00  0.21215E+11  0.276  818.7 1480.7 2220.3  89.6   5.6   1.7   0.0   0.0   0.0   3.1
  533.00  0.21068E+11  0.274  818.7 1480.9 2223.6  89.5   5.7   1.7   0.0   0.0   0.0   3.1
  534.00  0.20922E+11  0.272  818.7 1481.1 2226.8  89.3   5.8   1.8   0.0   0.0   0.0   3.1
  535.00  0.20778E+11  0.270  818.7 1481.3 2230.0  89.2   5.8   1.8   0.0   0.0   0.0   3.1
  536.00  0.20635E+11  0.268  818.7 1481.5 2233.2  89.1   5.9   1.8   0.0   0.0   0.0   3.1
  537.00  0.20493E+11  0.267  818.7 1481.6 2236.3  89.0   6.0   1.9   0.0   0.0   0.0   3.1
  538.00  0.20352E+11  0.265  818.7 1481.8 2239.4  88.8   6.2   1.9   0.0   0.0   0.0   3.1
  539.00  0.20212E+11  0.263  818.7 1482.0 2242.5  88.7   6.3   1.9   0.0   0.0   0.0   3.1
  540.00  0.20074E+11  0.261  818.7 1482.2 2245.5  88.5   6.4   2.0   0.0   0.0   0.0   3.1
  541.00  0.19937E+11  0.259  818.7 1482.4 2248.4  88.4   6.5   2.0   0.0   0.0   0.0   3.1
  542.00  0.19800E+11  0.258  818.7 1482.6 2251.3  88.3   6.6   2.0   0.0   0.0   0.0   3.1
  543.00  0.19666E+11  0.256  818.7 1482.8 2254.2  88.1   6.7   2.1   0.0   0.0   0.0   3.1
  544.00  0.19532E+11  0.254  818.7 1482.9 2257.0  88.0   6.8   2.1   0.0   0.0   0.0   3.1
  545.00  0.19399E+11  0.252  818.7 1483.1 2259.7  87.8   6.9   2.1   0.0   0.0   0.0   3.1
  546.00  0.19268E+11  0.251  818.7 1483.3 2262.4  87.7   7.0   2.2   0.0   0.0   0.0   3.1
  547.00  0.19137E+11  0.249  818.7 1483.5 2265.1  87.5   7.1   2.2   0.0   0.0   0.0   3.1
  548.00  0.19008E+11  0.247  818.7 1483.7 2267.6  87.4   7.3   2.2   0.0   0.0   0.0   3.1
  549.00  0.18880E+11  0.246  818.7 1483.9 2270.2  87.2   7.4   2.3   0.0   0.0   0.0   3.1
  550.00  0.18753E+11  0.244  818.7 1484.1 2272.6  87.1   7.5   2.3   0.0   0.0   0.0   3.1
  551.00  0.18627E+11  0.242  818.7 1484.3 2275.0  86.9   7.6   2.3   0.0   0.0   0.0   3.1
  552.00  0.18502E+11  0.241  818.7 1484.4 2277.4  86.7   7.8   2.4   0.0   0.0   0.0   3.1
  553.00  0.18378E+11  0.239  818.7 1484.6 2279.6  86.6   7.9   2.4   0.0   0.0   0.0   3.1
  554.00  0.18255E+11  0.237  818.7 1484.8 2281.8  86.4   8.0   2.5   0.0   0.0   0.0   3.1
  555.00  0.18133E+11  0.236  818.7 1485.0 2284.0  86.2   8.1   2.5   0.0   0.0   0.0   3.1
  556.00  0.18012E+11  0.234  818.7 1485.2 2286.1  86.1   8.3   2.5   0.0   0.0   0.0   3.1
  557.00  0.17892E+11  0.233  818.7 1485.4 2288.2  85.9   8.4   2.6   0.0   0.0   0.0   3.1
  558.00  0.17774E+11  0.231  818.7 1485.6 2290.2  85.7   8.6   2.6   0.0   0.0   0.0   3.1
  559.00  0.17656E+11  0.230  818.7 1485.7 2292.1  85.5   8.7   2.7   0.0   0.0   0.0   3.1
  560.00  0.17539E+11  0.228  818.7 1485.9 2294.0  85.3   8.8   2.7   0.0   0.0   0.0   3.1
  561.00  0.17423E+11  0.227  818.7 1486.1 2295.9  85.2   9.0   2.8   0.0   0.0   0.0   3.1
  562.00  0.17308E+11  0.225  818.7 1486.3 2297.7  85.0   9.1   2.8   0.0   0.0   0.0   3.1
  563.00  0.17195E+11  0.224  818.7 1486.5 2299.4  84.8   9.3   2.8   0.0   0.0   0.0   3.1
  564.00  0.17082E+11  0.222  818.7 1486.7 2301.1  84.6   9.4   2.9   0.0   0.0   0.0   3.1
  565.00  0.16970E+11  0.221  818.7 1486.9 2302.8  84.4   9.6   2.9   0.0   0.0   0.0   3.1
  566.00  0.16859E+11  0.219  818.7 1487.1 2304.5  84.2   9.7   3.0   0.0   0.0   0.0   3.1
  567.00  0.16749E+11  0.218  818.7 1487.2 2306.1  84.0   9.9   3.0   0.0   0.0   0.0   3.1
  568.00  0.16639E+11  0.216  818.7 1487.4 2307.7  83.8  10.0   3.1   0.0   0.0   0.0   3.1
  569.00  0.16531E+11  0.215  818.7 1487.6 2309.2  83.6  10.2   3.1   0.0   0.0   0.0   3.1
  570.00  0.16424E+11  0.214  818.7 1487.8 2310.7  83.4  10.4   3.2   0.0   0.0   0.0   3.1
  571.00  0.16317E+11  0.212  818.7 1488.0 2312.2  83.2  10.5   3.2   0.0   0.0   0.0   3.1
  572.00  0.16212E+11  0.211  818.7 1488.2 2313.7  83.0  10.7   3.3   0.0   0.0   0.0   3.1
  573.00  0.16107E+11  0.210  818.7 1488.4 2315.2  82.8  10.9   3.3   0.0   0.0   0.0   3.1
  574.00  0.16003E+11  0.208  818.7 1488.5 2316.6  82.5  11.0   3.4   0.0   0.0   0.0   3.1
  575.00  0.15900E+11  0.207  818.7 1488.7 2318.0  82.3  11.2   3.4   0.0   0.0   0.0   3.1
  576.00  0.15798E+11  0.206  818.7 1488.9 2319.4  82.1  11.4   3.5   0.0   0.0   0.0   3.1
  577.00  0.15697E+11  0.204  818.7 1489.1 2320.8  81.9  11.5   3.5   0.0   0.0   0.0   3.1
  578.00  0.15597E+11  0.203  818.7 1489.3 2322.2  81.6  11.7   3.6   0.0   0.0   0.0   3.0
  579.00  0.15497E+11  0.202  818.7 1489.5 2323.5  81.4  11.9   3.6   0.0   0.0   0.0   3.0
  580.00  0.15398E+11  0.200  818.7 1489.7 2324.9  81.2  12.1   3.7   0.0   0.0   0.0   3.0
  581.00  0.15300E+11  0.199  818.7 1489.8 2326.2  80.9  12.3   3.8   0.0   0.0   0.0   3.0
  582.00  0.15203E+11  0.198  818.7 1490.0 2327.5  80.7  12.5   3.8   0.0   0.0   0.0   3.0
  583.00  0.15107E+11  0.197  818.7 1490.2 2328.9  80.5  12.6   3.9   0.0   0.0   0.0   3.0
  584.00  0.15012E+11  0.195  818.7 1490.4 2330.2  80.2  12.8   3.9   0.0   0.0   0.0   3.0
  585.00  0.14917E+11  0.194  818.7 1490.6 2331.5  80.0  13.0   4.0   0.0   0.0   0.0   3.0
  586.00  0.14823E+11  0.193  818.7 1490.8 2332.8  79.7  13.2   4.0   0.0   0.0   0.0   3.0
  587.00  0.14730E+11  0.192  818.7 1491.0 2334.0  79.5  13.4   4.1   0.0   0.0   0.0   3.0
  588.00  0.14637E+11  0.190  818.7 1491.2 2335.3  79.2  13.6   4.2   0.0   0.0   0.0   3.0
  589.00  0.14546E+11  0.189  818.7 1491.3 2336.6  79.0  13.8   4.2   0.0   0.0   0.0   3.0
  590.00  0.14455E+11  0.188  818.7 1491.5 2337.9  78.7  14.0   4.3   0.0   0.0   0.0   3.0
  591.00  0.14364E+11  0.187  818.7 1491.7 2339.1  78.4  14.2   4.3   0.0   0.0   0.0   3.0
  592.00  0.14275E+11  0.186  818.7 1491.9 2340.4  78.2  14.4   4.4   0.0   0.0   0.0   3.0
  593.00  0.14186E+11  0.185  818.7 1492.1 2341.7  77.9  14.7   4.5   0.0   0.0   0.0   3.0
  594.00  0.14098E+11  0.183  818.7 1492.3 2342.9  77.6  14.9   4.5   0.0   0.0   0.0   3.0
  595.00  0.14011E+11  0.182  818.7 1492.5 2344.2  77.4  15.1   4.6   0.0   0.0   0.0   3.0
  596.00  0.13925E+11  0.181  818.7 1492.6 2345.4  77.1  15.3   4.7   0.0   0.0   0.0   3.0
  597.00  0.13839E+11  0.180  818.7 1492.8 2346.7  76.8  15.5   4.7   0.0   0.0   0.0   3.0
  598.00  0.13754E+11  0.179  818.7 1493.0 2347.9  76.5  15.7   4.8   0.0   0.0   0.0   2.9
  599.00  0.13669E+11  0.178  818.7 1493.2 2349.2  76.2  16.0   4.9   0.0   0.0   0.0   2.9
  600.00  0.13585E+11  0.177  818.7 1493.4 2350.4  76.0  16.2   4.9   0.0   0.0   0.0   2.9
  601.00  0.13502E+11  0.176  818.7 1493.6 2351.6  75.7  16.4   5.0   0.0   0.0   0.0   2.9
  602.00  0.13420E+11  0.175  818.7 1493.8 2352.9  75.4  16.6   5.1   0.0   0.0   0.0   2.9
  603.00  0.13338E+11  0.174  818.7 1494.0 2354.1  75.1  16.9   5.1   0.0   0.0   0.0   2.9
  604.00  0.13257E+11  0.172  818.7 1494.1 2355.4  74.8  17.1   5.2   0.0   0.0   0.0   2.9
  605.00  0.13177E+11  0.171  818.7 1494.3 2356.6  74.5  17.3   5.3   0.0   0.0   0.0   2.9
  606.00  0.13097E+11  0.170  818.7 1494.5 2357.8  74.2  17.6   5.3   0.0   0.0   0.0   2.9
  607.00  0.13018E+11  0.169  818.7 1494.7 2359.1  73.9  17.8   5.4   0.0   0.0   0.0   2.9
  608.00  0.12939E+11  0.168  818.7 1494.9 2360.3  73.6  18.0   5.5   0.0   0.0   0.0   2.9
  609.00  0.12861E+11  0.167  818.7 1495.1 2361.5  73.3  18.3   5.6   0.0   0.0   0.0   2.9
  610.00  0.12784E+11  0.166  818.7 1495.3 2362.8  73.0  18.5   5.6   0.0   0.0   0.0   2.9
  611.00  0.12707E+11  0.165  818.7 1495.4 2364.0  72.7  18.7   5.7   0.0   0.0   0.0   2.9
  612.00  0.12631E+11  0.164  818.7 1495.6 2365.2  72.4  19.0   5.8   0.0   0.0   0.0   2.9
  613.00  0.12556E+11  0.163  818.7 1495.8 2366.5  72.1  19.2   5.8   0.0   0.0   0.0   2.9
  614.00  0.12481E+11  0.162  818.7 1496.0 2367.7  71.8  19.5   5.9   0.0   0.0   0.0   2.8
  615.00  0.12407E+11  0.161  818.7 1496.2 2368.9  71.4  19.7   6.0   0.0   0.0   0.0   2.8
  616.00  0.12333E+11  0.160  818.7 1496.4 2370.1  71.1  20.0   6.1   0.0   0.0   0.0   2.8
  617.00  0.12260E+11  0.160  818.7 1496.6 2371.4  70.8  20.2   6.1   0.0   0.0   0.0   2.8
  618.00  0.12188E+11  0.159  818.7 1496.7 2372.6  70.5  20.5   6.2   0.0   0.0   0.0   2.8
  619.00  0.12116E+11  0.158  818.7 1496.9 2373.8  70.2  20.7   6.3   0.0   0.0   0.0   2.8
  620.00  0.12044E+11  0.157  818.7 1497.1 2375.1  69.8  21.0   6.4   0.0   0.0   0.0   2.8
  621.00  0.11974E+11  0.156  818.7 1497.3 2376.3  69.5  21.2   6.4   0.0   0.0   0.0   2.8
  622.00  0.11903E+11  0.155  818.7 1497.5 2377.5  69.2  21.5   6.5   0.0   0.0   0.0   2.8
  623.00  0.11834E+11  0.154  818.7 1497.7 2378.7  68.9  21.7   6.6   0.0   0.0   0.0   2.8
  624.00  0.11765E+11  0.153  818.7 1497.9 2380.0  68.6  22.0   6.7   0.0   0.0   0.0   2.8
  625.00  0.11696E+11  0.152  818.7 1498.1 2381.2  68.2  22.3   6.7   0.0   0.0   0.0   2.8
  626.00  0.11628E+11  0.151  818.7 1498.2 2382.4  67.9  22.5   6.8   0.0   0.0   0.0   2.8
  627.00  0.11560E+11  0.150  818.7 1498.4 2383.7  67.6  22.8   6.9   0.0   0.0   0.0   2.8
  628.00  0.11493E+11  0.150  818.7 1498.6 2384.9  67.3  23.0   7.0   0.0   0.0   0.0   2.8
  629.00  0.11427E+11  0.149  818.7 1498.8 2386.1  66.9  23.3   7.0   0.0   0.0   0.0   2.7
  630.00  0.11361E+11  0.148  818.7 1499.0 2387.3  66.6  23.5   7.1   0.0   0.0   0.0   2.7
  631.00  0.11296E+11  0.147  818.7 1499.2 2388.6  66.3  23.8   7.2   0.0   0.0   0.0   2.7
  632.00  0.11231E+11  0.146  818.7 1499.4 2389.8  65.9  24.1   7.3   0.0   0.0   0.0   2.7
  633.00  0.11166E+11  0.145  818.7 1499.5 2391.0  65.6  24.3   7.3   0.0   0.0   0.0   2.7
  634.00  0.11102E+11  0.144  818.7 1499.7 2392.2  65.3  24.6   7.4   0.0   0.0   0.0   2.7
  635.00  0.11039E+11  0.144  818.7 1499.9 2393.5  65.0  24.8   7.5   0.0   0.0   0.0   2.7
  636.00  0.10976E+11  0.143  818.7 1500.1 2394.7  64.6  25.1   7.6   0.0   0.0   0.0   2.7
  637.00  0.10914E+11  0.142  818.7 1500.3 2395.9  64.3  25.3   7.6   0.0   0.0   0.0   2.7
  638.00  0.10852E+11  0.141  818.7 1500.5 2397.1  64.0  25.6   7.7   0.0   0.0   0.0   2.7
  639.00  0.10790E+11  0.140  818.7 1500.7 2398.4  63.7  25.9   7.8   0.0   0.0   0.0   2.7
  640.00  0.10729E+11  0.140  818.7 1500.9 2399.6  63.3  26.1   7.9   0.0   0.0   0.0   2.7
  641.00  0.10669E+11  0.139  818.7 1501.0 2400.8  63.0  26.4   7.9   0.0   0.0   0.0   2.7
  642.00  0.10608E+11  0.138  818.7 1501.2 2402.1  62.7  26.6   8.0   0.0   0.0   0.0   2.7
  643.00  0.10549E+11  0.137  818.7 1501.4 2403.3  62.4  26.9   8.1   0.0   0.0   0.0   2.7
  644.00  0.10490E+11  0.136  818.7 1501.6 2404.5  62.1  27.1   8.1   0.0   0.0   0.0   2.7
  645.00  0.10431E+11  0.136  818.7 1501.8 2405.7  61.8  27.4   8.2   0.0   0.0   0.0   2.7
  646.00  0.10373E+11  0.135  818.7 1502.0 2407.0  61.4  27.6   8.3   0.0   0.0   0.0   2.7
  647.00  0.10315E+11  0.134  818.7 1502.2 2408.2  61.1  27.9   8.3   0.0   0.0   0.0   2.7
  648.00  0.10257E+11  0.133  818.7 1502.3 2409.4  60.8  28.1   8.4   0.0   0.0   0.0   2.7
  649.00  0.10201E+11  0.133  818.7 1502.5 2410.6  60.5  28.4   8.5   0.0   0.0   0.0   2.7
  650.00  0.10144E+11  0.132  818.7 1502.7 2411.9  60.2  28.6   8.6   0.0   0.0   0.0   2.6
  651.00  0.10088E+11  0.131  818.7 1502.9 2413.1  59.9  28.9   8.6   0.0   0.0   0.0   2.6
  652.00  0.10032E+11  0.131  818.7 1503.1 2414.3  59.6  29.1   8.7   0.0   0.0   0.0   2.6
  653.00  0.99770E+10  0.130  818.7 1503.3 2415.5  59.3  29.3   8.8   0.0   0.0   0.0   2.6
  654.00  0.99222E+10  0.129  818.7 1503.5 2416.8  59.0  29.6   8.8   0.0   0.0   0.0   2.6
  655.00  0.98677E+10  0.128  818.7 1503.6 2418.0  58.7  29.8   8.9   0.0   0.0   0.0   2.6
  656.00  0.98137E+10  0.128  818.7 1503.8 2419.2  58.4  30.1   8.9   0.0   0.0   0.0   2.6
  657.00  0.97601E+10  0.127  818.7 1504.0 2420.4  58.1  30.3   9.0   0.0   0.0   0.0   2.6
  658.00  0.97069E+10  0.126  818.7 1504.2 2421.7  57.8  30.5   9.1   0.0   0.0   0.0   2.6
  659.00  0.96541E+10  0.126  818.7 1504.4 2422.9  57.5  30.8   9.1   0.0   0.0   0.0   2.6
  660.00  0.96017E+10  0.125  818.7 1504.6 2424.1  57.2  31.0   9.2   0.0   0.0   0.0   2.6
  661.00  0.95497E+10  0.124  818.7 1504.8 2425.3  56.9  31.2   9.3   0.0   0.0   0.0   2.6
  662.00  0.94981E+10  0.124  818.7 1505.0 2426.6  56.6  31.5   9.3   0.0   0.0   0.0   2.6
  663.00  0.94468E+10  0.123  818.7 1505.1 2427.8  56.3  31.7   9.4   0.0   0.0   0.0   2.6
  664.00  0.93959E+10  0.122  818.7 1505.3 2429.0  56.0  31.9   9.4   0.0   0.0   0.0   2.6
  665.00  0.93455E+10  0.122  818.7 1505.5 2430.2  55.7  32.1   9.5   0.0   0.0   0.0   2.6
  666.00  0.92953E+10  0.121  818.7 1505.7 2431.5  55.5  32.4   9.5   0.0   0.0   0.0   2.6
  667.00  0.92456E+10  0.120  818.7 1505.9 2432.7  55.2  32.6   9.6   0.0   0.0   0.0   2.6
  668.00  0.91962E+10  0.120  818.7 1506.1 2433.9  54.9  32.8   9.7   0.0   0.0   0.0   2.6
  669.00  0.91472E+10  0.119  818.7 1506.3 2435.2  54.6  33.0   9.7   0.0   0.0   0.0   2.6
  670.00  0.90985E+10  0.118  818.7 1506.4 2436.4  54.4  33.2   9.8   0.0   0.0   0.0   2.6
  671.00  0.90502E+10  0.118  818.7 1506.6 2437.6  54.1  33.5   9.8   0.0   0.0   0.0   2.6
  672.00  0.90023E+10  0.117  818.7 1506.8 2438.8  53.8  33.7   9.9   0.0   0.0   0.0   2.6
  673.00  0.89547E+10  0.117  818.7 1507.0 2440.1  53.6  33.9   9.9   0.0   0.0   0.0   2.6
  674.00  0.89075E+10  0.116  818.7 1507.2 2441.3  53.3  34.1  10.0   0.0   0.0   0.0   2.6
  675.00  0.88606E+10  0.115  818.7 1507.4 2442.5  53.0  34.3  10.0   0.0   0.0   0.0   2.6
  676.00  0.88140E+10  0.115  818.7 1507.6 2443.7  52.8  34.5  10.1   0.0   0.0   0.0   2.6
  677.00  0.87678E+10  0.114  818.7 1507.8 2445.0  52.5  34.7  10.1   0.0   0.0   0.0   2.6
  678.00  0.87219E+10  0.113  818.7 1507.9 2446.2  52.2  35.0  10.2   0.0   0.0   0.0   2.6
  679.00  0.86763E+10  0.113  818.7 1508.1 2447.4  52.0  35.2  10.2   0.0   0.0   0.0   2.6
  680.00  0.86311E+10  0.112  818.7 1508.3 2448.6  51.7  35.4  10.3   0.0   0.0   0.0   2.6
  681.00  0.85862E+10  0.112  818.7 1508.5 2449.9  51.5  35.6  10.3   0.0   0.0   0.0   2.6
  682.00  0.85417E+10  0.111  818.7 1508.7 2451.1  51.2  35.8  10.4   0.0   0.0   0.0   2.6
  683.00  0.84974E+10  0.111  818.7 1508.9 2452.3  51.0  36.0  10.4   0.0   0.0   0.0   2.6
  684.00  0.84535E+10  0.110  818.7 1509.1 2453.5  50.7  36.2  10.5   0.0   0.0   0.0   2.6
  685.00  0.84099E+10  0.109  818.7 1509.2 2454.8  50.5  36.4  10.5   0.0   0.0   0.0   2.6
  686.00  0.83666E+10  0.109  818.7 1509.4 2456.0  50.2  36.6  10.6   0.0   0.0   0.0   2.6
  687.00  0.83236E+10  0.108  818.7 1509.6 2457.2  50.0  36.8  10.6   0.0   0.0   0.0   2.6
  688.00  0.82809E+10  0.108  818.7 1509.8 2458.4  49.7  37.0  10.7   0.0   0.0   0.0   2.7
  689.00  0.82385E+10  0.107  818.7 1510.0 2459.7  49.5  37.2  10.7   0.0   0.0   0.0   2.7
  690.00  0.81965E+10  0.107  818.7 1510.2 2460.9  49.2  37.4  10.7   0.0   0.0   0.0   2.7
  691.00  0.81547E+10  0.106  818.7 1510.4 2462.1  49.0  37.6  10.8   0.0   0.0   0.0   2.7
  692.00  0.81132E+10  0.106  818.7 1510.6 2463.3  48.7  37.8  10.8   0.0   0.0   0.0   2.7
  693.00  0.80720E+10  0.105  818.7 1510.7 2464.6  48.5  38.0  10.9   0.0   0.0   0.0   2.7
  694.00  0.80311E+10  0.104  818.7 1510.9 2465.8  48.3  38.2  10.9   0.0   0.0   0.0   2.7
  695.00  0.79905E+10  0.104  818.7 1511.1 2467.0  48.0  38.3  11.0   0.0   0.0   0.0   2.7
  696.00  0.79502E+10  0.103  818.7 1511.3 2468.2  47.8  38.5  11.0   0.0   0.0   0.0   2.7
  697.00  0.79102E+10  0.103  818.7 1511.5 2469.5  47.6  38.7  11.0   0.0   0.0   0.0   2.7
  698.00  0.78704E+10  0.102  818.7 1511.7 2470.7  47.3  38.9  11.1   0.0   0.0   0.0   2.7
  699.00  0.78310E+10  0.102  818.7 1511.9 2471.9  47.1  39.1  11.1   0.0   0.0   0.0   2.7
  700.00  0.77918E+10  0.101  818.7 1512.0 2473.2  46.9  39.3  11.2   0.0   0.0   0.0   2.7
