yyyy/mmdd(or -ddd)/hh.h):2018/1207/11.0UT  geog Lat/Long/Alt= 76.0/   5.0/ 100.0

NeQuick is used for topside Ne profile
URSI maps are used for the F2 peak density (NmF2)
foF2 STORM model is turned on 
Shubin2015model is used for F2 peak height (hmF2)
ABT-2009 option is used for the bottomside thickness parameter B0
Scotto-97 no L   option is used for the F1 occurrence probability
foE auroral storm model is turned off
IRI-1990   option is used for D-region
TBT-2012 with solar dependence is used for the electron temperature
RBV10+TBT15 option is used for ion composition
CGM coordinates not computed
auroral boundaries not computed

Peak Densities/cm-3: NmF2=  59943.6   NmF1=      0.0   NmE=   4053.1
Peak Heights/km:     hmF2=   220.63   hmF1=     0.00   hmE=   110.00

Solar Zenith Angle/degree                              98.9
Dip (Magnetic Inclination)/degree                      81.24
Modip (Modified Dip)/degree                            70.87
Solar Sunspot Number (12-months running mean) Rz12      4.3           
Ionospheric-Effective Solar Index IG12                -11.3           
Solar radio flux F10.7 (daily)                         68.1           
Solar radio flux F10.7 (81-day average)                67.8           

TEC [1.E16 m-2] is obtained by numerical integration in 1km steps
  from 50 to 1500.0 km. t is the percentage of TEC above the F peak.

-
   H   ELECTRON DENSITY   TEMPERATURES      ION PERCENTAGES[%]*10    1E16m-2
   km  Ne/cm-3 Ne/NmF2 Tn/K  Ti/K  Te/K  O+  N+  H+ He+ O2+ NO+ Clust TEC t/%
  85.0     493  0.008   225   225   225   0   0   0   0   4 996  -1   1.3  75
  86.0     628  0.010   224   224   224   0   0   0   0   5 995  -1   1.3  75
  87.0     941  0.016   223   223   223   0   0   0   0   7 993  -1   1.3  75
  88.0    1325  0.022   222   222   222   0   0   0   0  10 990  -1   1.3  75
  89.0    1671  0.028   220   220   220   0   0   0   0  13 987  -1   1.3  75
  90.0    2025  0.034   217   217   217   0   0   0   0  16 984  -1   1.3  75
  91.0    2369  0.040   214   214   214   0   0   0   0  18 982  -1   1.3  75
  92.0    2690  0.045   211   211   211   0   0   0   0  21 979  -1   1.3  75
  93.0    2979  0.050   207   207   207   0   0   0   0  25 975  -1   1.3  75
  94.0    3229  0.054   203   203   203   0   0   0   0  29 971  -1   1.3  75
  95.0    3438  0.057   200   200   200   0   0   0   0  33 967  -1   1.3  75
  96.0    3607  0.060   197   197   197   0   0   0   0  36 964  -1   1.3  75
  97.0    3739  0.062   194   194   194   0   0   0   0  40 960  -1   1.3  75
  98.0    3840  0.064   192   192   192   0   0   0   0  43 957  -1   1.3  75
  99.0    3914  0.065   190   190   190   0   0   0   0  46 954  -1   1.3  75
 100.0    3966  0.066   189   189   189   0   0   0   0  50 950  -1   1.3  75
 101.0    4002  0.067   189   189   189   0   0   0   0  52 948  -1   1.3  75
 102.0    4024  0.067   190   190   190   0   0   0   0  55 945  -1   1.3  75
 103.0    4038  0.067   192   192   192   0   0   0   0  57 943  -1   1.3  75
 104.0    4046  0.068   194   194   194   0   0   0   0  60 940  -1   1.3  75
 105.0    4050  0.068   197   197   197   0   0   0   0  62 938  -1   1.3  75
 106.0    4052  0.068   201   201   201   0   0   0   0  64 936  -1   1.3  75
 107.0    4053  0.068   206   206   206   0   0   0   0  66 934  -1   1.3  75
 108.0    4053  0.068   211   211   211   0   0   0   0  67 933  -1   1.3  75
 109.0    4053  0.068   218   218   218   0   0   0   0  69 931  -1   1.3  75
 110.0    4053  0.068   225   225   225   0   0   0   0  71 929  -1   1.3  75
 111.0    4034  0.067   233   233   233   0   0   0   0  72 928  -1   1.3  75
 112.0    3985  0.066   242   242   242   0   0   0   0  72 928  -1   1.3  75
 113.0    3914  0.065   252   252   252   0   0   0   0  72 928  -1   1.3  75
 114.0    3830  0.064   262   262   262   0   0   0   0  71 929  -1   1.3  75
 115.0    3739  0.062   274   274   274   0   0   0   0  70 930  -1   1.3  75
 116.0    3648  0.061   287   287   287   0   0   0   0  68 932  -1   1.3  75
 117.0    3562  0.059   301   301   301   0   0   0   0  67 933  -1   1.3  75
 118.0    3484  0.058   316   316   316   0   0   0   0  65 935  -1   1.3  75
 119.0    3420  0.057   331   331   331   0   0   0   0  64 936  -1   1.3  75
 120.0    3369  0.056   347   347   347   0   0   0   0  63 937  -1   1.3  75
 121.0    3336  0.056   363   363   363   0   0   0   0  62 937  -1   1.3  75
 122.0    3320  0.055   379   379   379   0   0   0   0  62 938  -1   1.3  75
 123.0    3322  0.055   394   394   394   0   0   0   0  62 937  -1   1.3  75
 124.0    3342  0.056   405   405   405   0   0   0   0  64 936  -1   1.3  75
 125.0    3379  0.056   417   417   417   0   0   0   0  65 934  -1   1.3  75
 126.0    3431  0.057   429   429   429   1   0   0   0  67 933  -1   1.3  75
 127.0    3497  0.058   440   440   440   1   0   0   0  69 930  -1   1.3  75
 128.0    3575  0.060   450   450   452   1   0   0   0  71 928  -1   1.3  75
 129.0    3661  0.061   460   460   465   1   0   0   0  74 925  -1   1.3  75
 130.0    3754  0.063   470   470   478   1   0   0   0  76 923  -1   1.3  75
 131.0    3849  0.064   480   480   491   1   0   0   0  79 920  -1   1.3  75
 132.0    3944  0.066   489   489   504   1   0   0   0  82 917  -1   1.3  75
 133.0    4034  0.067   497   497   517   1   0   0   0  85 914  -1   1.3  75
 134.0    4758  0.079   506   506   530   2   0   0   0 100 899  -1   1.3  75
 135.0    5671  0.095   514   514   543   2   0   0   0 118 880  -1   1.3  75
 136.0    6583  0.110   522   522   556   3   0   0   0 135 862  -1   1.3  75
 137.0    7495  0.125   529   529   569   4   0   0   0 152 844  -1   1.3  75
 138.0    8408  0.140   536   536   582   5   0   0   0 169 826  -1   1.3  75
 139.0    9320  0.155   543   543   595   5   0   0   0 186 809  -1   1.3  75
 140.0   10232  0.171   550   550   608   6   0   0   0 202 792  -1   1.3  75
 141.0   11145  0.186   556   556   621   8   0   0   0 217 775  -1   1.3  75
 142.0   12057  0.201   562   562   634   9   0   0   0 232 759  -1   1.3  75
 143.0   12969  0.216   568   568   647  10   0   0   0 247 743  -1   1.3  75
 144.0   13882  0.232   574   574   661  11   0   0   0 261 728  -1   1.3  75
 145.0   14794  0.247   579   579   674  13   0   0   0 274 713  -1   1.3  75
 146.0   15706  0.262   584   584   687  15   0   0   0 287 698  -1   1.3  75
 147.0   16619  0.277   589   589   700  16   0   0   0 300 684  -1   1.3  75
 148.0   17531  0.292   594   594   713  18   0   0   0 312 670  -1   1.3  75
 149.0   18443  0.308   599   599   726  20   0   0   0 323 656  -1   1.3  75
 150.0   19356  0.323   603   603   739  22   0   0   0 334 643  -1   1.3  75
 151.0   20268  0.338   607   607   752  25   0   0   0 345 630  -1   1.3  75
 152.0   21181  0.353   612   612   765  27   0   0   0 355 618  -1   1.3  75
 153.0   22093  0.369   615   615   778  30   0   0   0 364 606  -1   1.3  75
 154.0   23005  0.384   619   619   791  33   0   0   0 373 594  -1   1.3  75
 155.0   23918  0.399   623   623   804  36   0   0   0 381 583  -1   1.3  75
 156.0   24484  0.408   626   626   817  39   0   0   0 386 574  -1   1.3  75
 157.0   25028  0.418   630   630   830  42   0   0   0 391 567  -1   1.3  75
 158.0   25580  0.427   633   633   843  45   0   0   0 396 559  -1   1.3  75
 159.0   26139  0.436   636   636   856  48   0   0   0 400 551  -1   1.3  75
 160.0   26704  0.445   639   639   869  52   0   0   0 404 544  -1   1.3  75
 161.0   27276  0.455   642   642   882  55   0   0   0 408 536  -1   1.3  75
 162.0   27855  0.465   645   645   896  59   0   0   0 411 528  -1   1.3  75
 163.0   28441  0.474   648   648   909  64   0   0   0 414 521  -1   1.3  75
 164.0   29032  0.484   650   650   922  68   0   0   0 417 514  -1   1.3  75
 165.0   29630  0.494   653   653   935  73   0   0   0 420 507  -1   1.3  75
 166.0   30233  0.504   655   655   948  78   0   0   0 422 499  -1   1.3  75
 167.0   30842  0.515   657   657   961  83   0   0   0 424 492  -1   1.3  75
 168.0   31457  0.525   660   660   974  88   0   0   0 425 485  -1   1.3  75
 169.0   32077  0.535   662   662   987  94   0   0   0 427 478  -1   1.3  75
 170.0   32701  0.546   664   664  1000 100   0   0   0 427 471  -1   1.3  75
 171.0   33331  0.556   666   666  1013 106   0   0   0 428 465  -1   1.3  75
 172.0   33964  0.567   668   668  1026 113   0   0   0 428 458  -1   1.3  75
 173.0   34602  0.577   669   669  1039 120   0   0   0 428 451  -1   1.3  75
 174.0   35244  0.588   671   671  1052 128   0   0   0 427 444  -1   1.3  75
 175.0   35889  0.599   673   673  1065 135   0   0   0 426 437  -1   1.3  75
 176.0   36538  0.610   674   674  1078 143   0   0   0 425 430  -1   1.3  75
 177.0   37189  0.620   676   676  1091 152   0   0   0 423 423  -1   1.3  75
 178.0   37842  0.631   677   677  1104 160   0   0   0 421 417  -1   1.3  75
 179.0   38498  0.642   679   679  1117 170   0   0   0 419 410  -1   1.3  75
 180.0   39155  0.653   680   680  1130 179   0   0   0 417 403  -1   1.3  75
 181.0   39814  0.664   682   682  1143 189   0   0   0 414 396  -1   1.3  75
 182.0   40473  0.675   683   683  1156 199   0   0   0 410 389  -1   1.3  75
 183.0   41133  0.686   684   684  1169 210   0   0   0 407 382  -1   1.3  75
 184.0   41793  0.697   685   685  1182 221   0   0   0 403 375  -1   1.3  75
 185.0   42452  0.708   686   686  1195 232   0   0   0 398 368  -1   1.3  75
 186.0   43110  0.719   687   687  1208 243   0   0   0 394 361  -1   1.3  75
 187.0   43766  0.730   689   689  1221 255   0   0   0 389 354  -1   1.3  75
 188.0   44420  0.741   690   690  1234 268   0   0   0 383 347  -1   1.3  75
 189.0   45072  0.752   690   690  1247 280   0   0   0 378 340  -1   1.3  75
 190.0   45720  0.763   691   691  1260 293   0   0   0 372 333  -1   1.3  75
 191.0   46365  0.773   692   692  1273 306   0   0   0 366 326  -1   1.3  75
 192.0   47005  0.784   693   693  1286 320   0   0   0 359 319  -1   1.3  75
 193.0   47641  0.795   694   694  1299 334   0   0   0 353 311  -1   1.3  75
 194.0   48270  0.805   695   695  1311 348   0   0   0 346 304  -1   1.3  75
 195.0   48894  0.816   696   696  1324 362   0   0   0 339 297  -1   1.3  75
 196.0   49510  0.826   696   696  1337 376   0   0   0 332 290  -1   1.3  75
 197.0   50119  0.836   697   697  1349 390   0   0   0 325 283  -1   1.3  75
 198.0   50720  0.846   698   698  1362 405   0   0   0 317 276  -1   1.3  75
 199.0   51311  0.856   698   698  1374 419   0   0   0 310 269  -1   1.3  75
 200.0   51893  0.866   699   699  1386 432   0   0   0 302 263  -1   1.3  75
 201.0   52464  0.875   700   702  1398 445   0   0   0 295 258  -1   1.3  75
 202.0   53024  0.885   700   706  1410 456   0   0   0 288 254  -1   1.3  75
 203.0   53571  0.894   701   709  1421 463   0   0   0 281 253  -1   1.3  75
 204.0   54105  0.903   701   713  1433 467   1   0   0 276 254  -1   1.3  75
 205.0   54626  0.911   702   716  1444 467   1   0   0 272 257  -1   1.3  75
 206.0   55132  0.920   702   720  1454 464   1   0   0 270 262  -1   1.3  75
 207.0   55621  0.928   703   723  1465 461   1   0   0 267 268  -1   1.3  75
 208.0   56094  0.936   703   727  1475 458   1   0   0 265 273  -1   1.3  75
 209.0   56549  0.943   704   730  1485 457   1   0   0 261 277  -1   1.3  75
 210.0   56985  0.951   704   734  1494 458   1   0   0 257 279  -1   1.3  75
 211.0   57400  0.958   705   737  1503 462   1   0   0 252 280  -1   1.3  75
 212.0   57794  0.964   705   741  1512 468   1   0   0 246 279  -1   1.3  75
 213.0   58164  0.970   705   744  1521 477   2   0   0 239 278  -1   1.3  75
 214.0   58510  0.976   706   748  1529 487   2   0   0 231 275  -1   1.3  75
 215.0   58828  0.981   706   751  1537 499   2   0   0 224 271  -1   1.3  75
 216.0   59118  0.986   706   755  1545 511   2   0   0 216 266  -1   1.3  75
 217.0   59375  0.991   707   758  1553 524   2   0   0 208 261  -1   1.3  75
 218.0   59597  0.994   707   762  1560 538   2   0   0 199 255  -1   1.3  75
 219.0   59777  0.997   707   765  1568 552   2   0   0 191 249  -1   1.3  75
 220.0   59905  0.999   708   768  1575 566   2   0   0 184 243  -1   1.3  75
 221.0   59943  1.000   708   772  1582 580   2   0   0 176 237  -1   1.3  75
 222.0   59933  1.000   708   775  1590 593   2   0   0 169 230  -1   1.3  75
 223.0   59912  0.999   708   779  1597 607   2   0   0 161 224  -1   1.3  75
 224.0   59880  0.999   709   782  1604 621   2   0   0 155 217  -1   1.3  75
 225.0   59836  0.998   709   786  1611 634   2   0   0 148 211  -1   1.3  75
 226.0   59783  0.997   709   789  1618 647   2   0   0 142 204  -1   1.3  75
 227.0   59719  0.996   709   793  1624 660   2   0   0 135 197  -1   1.3  75
 228.0   59644  0.995   710   796  1631 672   2   0   0 130 191  -1   1.3  75
 229.0   59560  0.994   710   800  1638 685   2   0   0 124 184  -1   1.3  75
 230.0   59465  0.992   710   803  1645 696   2   0   0 118 178  -1   1.3  75
 231.0   59361  0.990   710   807  1652 708   2   0   0 113 172  -1   1.3  75
 232.0   59248  0.988   710   810  1658 719   2   0   0 108 165  -1   1.3  75
 233.0   59125  0.986   711   814  1665 730   2   0   0 104 159  -1   1.3  75
 234.0   58993  0.984   711   817  1672 741   2   0   0  99 154  -1   1.3  75
 235.0   58853  0.982   711   821  1679 751   2   0   0  95 148  -1   1.3  75
 236.0   58704  0.979   711   824  1685 760   2   0   0  91 142  -1   1.3  75
 237.0   58546  0.977   711   827  1692 770   2   0   0  87 137  -1   1.3  75
 238.0   58381  0.974   711   831  1699 779   2   0   0  83 131  -1   1.3  75
 239.0   58207  0.971   712   834  1706 788   2   0   0  80 126  -1   1.3  75
 240.0   58026  0.968   712   838  1712 796   2   0   0  76 121  -1   1.3  75
 241.0   57837  0.965   712   841  1719 804   2   0   0  73 117  -1   1.3  75
 242.0   57641  0.962   712   845  1726 812   2   0   0  70 112  -1   1.3  75
 243.0   57438  0.958   712   848  1733 819   2   0   0  67 108  -1   1.3  75
 244.0   57229  0.955   712   852  1739 827   2   0   0  64 103  -1   1.3  75
 245.0   57012  0.951   712   855  1746 833   2   0   0  62  99  -1   1.3  75
 246.0   56790  0.947   712   859  1753 840   2   0   0  59  95  -1   1.3  75
 247.0   56561  0.944   713   862  1759 846   2   0   0  57  91  -1   1.3  75
 248.0   56326  0.940   713   866  1766 852   2   0   0  55  88  -1   1.3  75
 249.0   56086  0.936   713   869  1773 858   2   0   0  53  84  -1   1.3  75
 250.0   55840  0.932   713   873  1780 863   2   0   0  51  81  -1   1.3  75
 251.0   55588  0.927   713   876  1786 869   2   0   0  49  77  -1   1.3  75
 252.0   55332  0.923   713   880  1793 874   2   0   0  47  74  -1   1.3  75
 253.0   55071  0.919   713   883  1800 879   2   0   0  45  71  -1   1.3  75
 254.0   54805  0.914   713   887  1806 883   2   0   0  44  68  -1   1.3  75
 255.0   54534  0.910   713   890  1813 888   2   0   0  42  65  -1   1.3  75
 256.0   54260  0.905   713   893  1820 892   2   0   0  40  63  -1   1.3  75
 257.0   53981  0.901   713   897  1827 897   2   0   0  39  60  -1   1.3  75
 258.0   53698  0.896   713   900  1833 901   2   0   0  37  58  -1   1.3  75
 259.0   53412  0.891   713   904  1840 905   2   0   0  36  55  -1   1.3  75
 260.0   53122  0.886   714   907  1847 908   2   0   0  35  53  -1   1.3  75
 261.0   52829  0.881   714   911  1853 912   2   0   0  33  51  -1   1.3  75
 262.0   52532  0.876   714   914  1860 916   2   0   0  32  48  -1   1.3  75
 263.0   52233  0.871   714   918  1867 919   2   0   0  31  46  -1   1.3  75
 264.0   51931  0.866   714   921  1874 922   2   0   0  30  44  -1   1.3  75
 265.0   51626  0.861   714   925  1880 925   2   0   0  28  43  -1   1.3  75
 266.0   51319  0.856   714   928  1887 928   2   0   0  27  41  -1   1.3  75
 267.0   51009  0.851   714   932  1894 931   2   0   0  26  39  -1   1.3  75
 268.0   50697  0.846   714   935  1900 934   2   0   0  25  37  -1   1.3  75
 269.0   50384  0.841   714   939  1907 937   2   0   0  24  36  -1   1.3  75
 270.0   50068  0.835   714   942  1914 940   2   0   0  23  34  -1   1.3  75
 271.0   49751  0.830   714   946  1921 942   2   0   0  22  33  -1   1.3  75
 272.0   49432  0.825   714   949  1927 945   2   0   0  21  31  -1   1.3  75
 273.0   49112  0.819   714   952  1934 947   2   0   0  20  30  -1   1.3  75
 274.0   48790  0.814   714   956  1941 949   2   0   0  19  28  -1   1.3  75
 275.0   48467  0.809   714   959  1947 952   2   0   0  18  27  -1   1.3  75
 276.0   48144  0.803   714   963  1954 954   2   0   0  17  26  -1   1.3  75
 277.0   47819  0.798   714   966  1961 956   2   0   0  17  25  -1   1.3  75
 278.0   47494  0.792   714   970  1968 958   2   0   0  16  24  -1   1.3  75
 279.0   47168  0.787   714   973  1974 959   2   0   0  15  23  -1   1.3  75
 280.0   46842  0.781   714   977  1981 961   2   0   0  14  22  -1   1.3  75
 281.0   46515  0.776   714   980  1988 963   2   0   0  14  21  -1   1.3  75
 282.0   46188  0.771   714   984  1994 964   2   0   0  13  20  -1   1.3  75
 283.0   45860  0.765   715   987  2001 966   2   0   0  13  19  -1   1.3  75
 284.0   45533  0.760   715   991  2008 966   2   0   0  12  19  -1   1.3  75
 285.0   45205  0.754   715   994  2015 966   2   0   0  12  19  -1   1.3  75
 286.0   44878  0.749   715   998  2021 966   2   0   0  12  19  -1   1.3  75
 287.0   44551  0.743   715  1001  2028 966   2   0   0  11  19  -1   1.3  75
 288.0   44224  0.738   715  1005  2035 966   3   0   0  11  19  -1   1.3  75
 289.0   43898  0.732   715  1008  2041 965   3   0   0  11  20  -1   1.3  75
 290.0   43572  0.727   715  1012  2048 965   3   0   0  11  20  -1   1.3  75
 291.0   43246  0.721   715  1015  2055 964   3   0   0  11  20  -1   1.3  75
 292.0   42922  0.716   715  1018  2062 964   3   0   0  10  21  -1   1.3  75
 293.0   42598  0.711   715  1022  2068 963   4   0   0  10  21  -1   1.3  75
 294.0   42274  0.705   715  1025  2075 963   4   0   0  10  22  -1   1.3  75
 295.0   41952  0.700   715  1029  2082 962   4   0   0  10  22  -1   1.3  75
 296.0   41630  0.694   715  1032  2088 961   5   0   0  10  23  -1   1.3  75
 297.0   41310  0.689   715  1036  2095 960   5   0   0  10  23  -1   1.3  75
 298.0   40990  0.684   715  1039  2102 959   5   0   0  10  24  -1   1.3  75
 299.0   40672  0.679   715  1043  2109 958   6   0   0  10  24  -1   1.3  75
 300.0   40355  0.673   715  1046  2115 978  17   2   2   0   0  -1   1.3  75
 301.0   40038  0.668   715  1050  2122 978  17   2   2   0   0  -1   1.3  75
 302.0   39724  0.663   715  1053  2129 978  17   2   2   0   0  -1   1.3  75
 303.0   39410  0.657   715  1057  2135 978  17   2   2   0   0  -1   1.3  75
 304.0   39098  0.652   715  1060  2142 978  17   2   2   0   0  -1   1.3  75
 305.0   38787  0.647   715  1064  2149 978  18   2   2   0   0  -1   1.3  75
 306.0   38478  0.642   715  1067  2156 978  18   2   2   0   0  -1   1.3  75
 307.0   38170  0.637   715  1071  2162 977  18   2   2   0   0  -1   1.3  75
 308.0   37864  0.632   715  1074  2169 977  18   3   2   0   0  -1   1.3  75
 309.0   37560  0.627   715  1077  2176 977  18   3   2   0   0  -1   1.3  75
 310.0   37257  0.622   715  1081  2182 977  18   3   2   0   0  -1   1.3  75
 311.0   36955  0.617   715  1084  2189 977  18   3   2   0   0  -1   1.3  75
 312.0   36656  0.612   715  1088  2196 977  18   3   3   0   0  -1   1.3  75
 313.0   36358  0.607   715  1091  2203 977  18   3   3   0   0  -1   1.3  75
 314.0   36061  0.602   715  1095  2209 977  18   3   3   0   0  -1   1.3  75
 315.0   35767  0.597   715  1098  2216 976  18   3   3   0   0  -1   1.3  75
 316.0   35474  0.592   715  1102  2223 976  18   3   3   0   0  -1   1.3  75
 317.0   35183  0.587   715  1105  2229 976  18   3   3   0   0  -1   1.3  75
 318.0   34894  0.582   715  1109  2236 976  19   3   3   0   0  -1   1.3  75
 319.0   34607  0.577   715  1112  2243 976  19   3   3   0   0  -1   1.3  75
 320.0   34322  0.573   715  1116  2250 976  19   3   3   0   0  -1   1.3  75
 321.0   34038  0.568   715  1119  2256 976  19   3   3   0   0  -1   1.3  75
 322.0   33756  0.563   715  1123  2263 976  19   3   3   0   0  -1   1.3  75
 323.0   33477  0.558   715  1126  2270 975  19   3   3   0   0  -1   1.3  75
 324.0   33199  0.554   715  1130  2276 975  19   3   3   0   0  -1   1.3  75
 325.0   32923  0.549   715  1133  2283 975  19   3   3   0   0  -1   1.3  75
 326.0   32650  0.545   715  1137  2290 975  19   3   3   0   0  -1   1.3  75
 327.0   32378  0.540   715  1140  2297 975  19   3   3   0   0  -1   1.3  75
 328.0   32108  0.536   715  1143  2303 975  19   3   3   0   0  -1   1.3  75
 329.0   31840  0.531   715  1147  2310 975  19   3   3   0   0  -1   1.3  75
 330.0   31574  0.527   715  1150  2317 974  19   3   3   0   0  -1   1.3  75
 331.0   31310  0.522   715  1154  2323 974  20   3   3   0   0  -1   1.3  75
 332.0   31048  0.518   715  1157  2330 974  20   3   3   0   0  -1   1.3  75
 333.0   30788  0.514   715  1161  2337 974  20   3   3   0   0  -1   1.3  75
 334.0   30531  0.509   715  1164  2343 974  20   3   3   0   0  -1   1.3  75
 335.0   30275  0.505   715  1168  2350 974  20   3   3   0   0  -1   1.3  75
 336.0   30021  0.501   715  1171  2357 974  20   3   3   0   0  -1   1.3  75
 337.0   29769  0.497   715  1175  2363 973  20   4   3   0   0  -1   1.3  75
 338.0   29519  0.492   715  1178  2370 973  20   4   3   0   0  -1   1.3  75
 339.0   29272  0.488   715  1182  2376 973  20   4   3   0   0  -1   1.3  75
 340.0   29026  0.484   715  1185  2383 973  20   4   3   0   0  -1   1.3  75
 341.0   28782  0.480   715  1189  2389 973  20   4   3   0   0  -1   1.3  75
 342.0   28540  0.476   715  1192  2396 973  20   4   3   0   0  -1   1.3  75
 343.0   28301  0.472   715  1196  2402 972  20   4   3   0   0  -1   1.3  75
 344.0   28063  0.468   715  1199  2409 972  21   4   3   0   0  -1   1.3  75
 345.0   27827  0.464   715  1202  2415 972  21   4   3   0   0  -1   1.3  75
 346.0   27593  0.460   715  1206  2421 972  21   4   3   0   0  -1   1.3  75
 347.0   27362  0.456   715  1209  2427 972  21   4   3   0   0  -1   1.3  75
 348.0   27132  0.453   715  1213  2433 972  21   4   3   0   0  -1   1.3  75
 349.0   26904  0.449   715  1216  2439 972  21   4   3   0   0  -1   1.3  75
 350.0   26678  0.445   715  1220  2445 971  21   4   3   0   0  -1   1.3  75
 351.0   26454  0.441   715  1223  2451 971  21   4   3   0   0  -1   1.3  75
 352.0   26232  0.438   715  1227  2457 971  21   4   4   0   0  -1   1.3  75
 353.0   26012  0.434   715  1230  2462 971  21   4   4   0   0  -1   1.3  75
 354.0   25794  0.430   715  1234  2468 971  21   4   4   0   0  -1   1.3  75
 355.0   25578  0.427   715  1237  2474 971  21   4   4   0   0  -1   1.3  75
 356.0   25364  0.423   715  1241  2479 970  22   4   4   0   0  -1   1.3  75
 357.0   25152  0.420   715  1244  2484 970  22   4   4   0   0  -1   1.3  75
 358.0   24942  0.416   715  1248  2490 970  22   5   4   0   0  -1   1.3  75
 359.0   24733  0.413   715  1251  2495 970  22   5   4   0   0  -1   1.3  75
 360.0   24526  0.409   715  1255  2500 970  22   5   4   0   0  -1   1.3  75
 361.0   24322  0.406   715  1258  2505 969  22   5   4   0   0  -1   1.3  75
 362.0   24119  0.402   715  1262  2511 969  22   5   4   0   0  -1   1.3  75
 363.0   23918  0.399   715  1265  2516 969  22   5   4   0   0  -1   1.3  75
 364.0   23719  0.396   715  1268  2521 969  22   5   4   0   0  -1   1.3  75
 365.0   23521  0.392   715  1272  2526 969  22   5   4   0   0  -1   1.3  75
 366.0   23326  0.389   715  1275  2531 969  22   5   4   0   0  -1   1.3  75
 367.0   23132  0.386   715  1279  2536 968  23   5   4   0   0  -1   1.3  75
 368.0   22940  0.383   715  1282  2541 968  23   5   4   0   0  -1   1.3  75
 369.0   22750  0.380   715  1286  2546 968  23   5   4   0   0  -1   1.3  75
 370.0   22561  0.376   715  1289  2551 968  23   5   4   0   0  -1   1.3  75
 371.0   22375  0.373   715  1293  2556 968  23   5   4   0   0  -1   1.3  75
 372.0   22190  0.370   715  1296  2561 967  23   5   4   0   0  -1   1.3  75
 373.0   22007  0.367   715  1300  2567 967  23   5   4   0   0  -1   1.3  75
 374.0   21825  0.364   715  1303  2572 967  23   5   4   0   0  -1   1.3  75
 375.0   21645  0.361   715  1307  2577 967  23   6   4   0   0  -1   1.3  75
 376.0   21467  0.358   715  1310  2582 967  23   6   4   0   0  -1   1.3  75
 377.0   21291  0.355   715  1314  2587 967  23   6   4   0   0  -1   1.3  75
 378.0   21116  0.352   715  1317  2592 966  24   6   4   0   0  -1   1.3  75
 379.0   20943  0.349   715  1321  2597 966  24   6   4   0   0  -1   1.3  75
 380.0   20772  0.347   715  1324  2602 966  24   6   4   0   0  -1   1.3  75
 381.0   20602  0.344   715  1327  2607 966  24   6   5   0   0  -1   1.3  75
 382.0   20434  0.341   715  1331  2612 966  24   6   5   0   0  -1   1.3  75
 383.0   20267  0.338   715  1334  2617 965  24   6   5   0   0  -1   1.3  75
 384.0   20102  0.335   715  1338  2622 965  24   6   5   0   0  -1   1.3  75
 385.0   19938  0.333   715  1341  2627 965  24   6   5   0   0  -1   1.3  75
 386.0   19776  0.330   715  1345  2632 965  24   6   5   0   0  -1   1.3  75
 387.0   19616  0.327   715  1348  2637 964  24   6   5   0   0  -1   1.3  75
 388.0   19457  0.325   715  1352  2642 964  25   6   5   0   0  -1   1.3  75
 389.0   19300  0.322   715  1355  2647 964  25   7   5   0   0  -1   1.3  75
 390.0   19144  0.319   715  1359  2652 964  25   7   5   0   0  -1   1.3  75
 391.0   18990  0.317   715  1362  2657 964  25   7   5   0   0  -1   1.3  75
 392.0   18837  0.314   715  1366  2662 963  25   7   5   0   0  -1   1.3  75
 393.0   18685  0.312   715  1369  2667 963  25   7   5   0   0  -1   1.3  75
 394.0   18535  0.309   715  1373  2672 963  25   7   5   0   0  -1   1.3  75
 395.0   18387  0.307   715  1376  2677 963  25   7   5   0   0  -1   1.3  75
 396.0   18240  0.304   715  1379  2682 963  25   7   5   0   0  -1   1.3  75
 397.0   18094  0.302   715  1383  2687 962  25   7   5   0   0  -1   1.3  75
 398.0   17950  0.299   715  1386  2692 962  26   7   5   0   0  -1   1.3  75
 399.0   17807  0.297   715  1390  2697 962  26   7   5   0   0  -1   1.3  75
 400.0   17666  0.295   715  1393  2702 962  26   7   5   0   0  -1   1.3  75
 401.0   17525  0.292   715  1397  2707 961  26   7   5   0   0  -1   1.3  75
 402.0   17387  0.290   715  1400  2712 961  26   8   5   0   0  -1   1.3  75
 403.0   17249  0.288   715  1404  2717 961  26   8   5   0   0  -1   1.3  75
 404.0   17113  0.285   715  1407  2722 961  26   8   5   0   0  -1   1.3  75
 405.0   16978  0.283   715  1410  2727 960  26   8   6   0   0  -1   1.3  75
 406.0   16845  0.281   715  1414  2732 960  26   8   6   0   0  -1   1.3  75
 407.0   16712  0.279   715  1417  2737 960  26   8   6   0   0  -1   1.3  75
 408.0   16581  0.277   715  1421  2742 960  27   8   6   0   0  -1   1.3  75
 409.0   16452  0.274   715  1424  2747 959  27   8   6   0   0  -1   1.3  75
 410.0   16323  0.272   715  1428  2752 959  27   8   6   0   0  -1   1.3  75
 411.0   16196  0.270   715  1431  2757 959  27   8   6   0   0  -1   1.3  75
 412.0   16070  0.268   715  1434  2763 959  27   9   6   0   0  -1   1.3  75
 413.0   15945  0.266   715  1438  2768 958  27   9   6   0   0  -1   1.3  75
 414.0   15821  0.264   715  1441  2773 958  27   9   6   0   0  -1   1.3  75
 415.0   15699  0.262   715  1445  2778 958  27   9   6   0   0  -1   1.3  75
 416.0   15578  0.260   715  1448  2783 958  27   9   6   0   0  -1   1.3  75
 417.0   15458  0.258   715  1451  2788 957  28   9   6   0   0  -1   1.3  75
 418.0   15339  0.256   715  1455  2793 957  28   9   6   0   0  -1   1.3  75
 419.0   15221  0.254   715  1458  2798 957  28   9   6   0   0  -1   1.3  75
 420.0   15104  0.252   715  1461  2803 957  28   9   6   0   0  -1   1.3  75
 421.0   14989  0.250   715  1465  2808 956  28   9   6   0   0  -1   1.3  75
 422.0   14874  0.248   715  1468  2813 956  28  10   6   0   0  -1   1.3  75
 423.0   14761  0.246   715  1471  2818 956  28  10   6   0   0  -1   1.3  75
 424.0   14649  0.244   715  1475  2823 955  28  10   6   0   0  -1   1.3  75
 425.0   14538  0.243   715  1478  2828 955  28  10   7   0   0  -1   1.3  75
 426.0   14427  0.241   715  1481  2833 955  28  10   7   0   0  -1   1.3  75
 427.0   14318  0.239   715  1484  2838 955  29  10   7   0   0  -1   1.3  75
 428.0   14210  0.237   715  1488  2843 954  29  10   7   0   0  -1   1.3  75
 429.0   14103  0.235   715  1491  2848 954  29  10   7   0   0  -1   1.3  75
 430.0   13997  0.234   715  1494  2853 954  29  11   7   0   0  -1   1.3  75
 431.0   13892  0.232   715  1497  2858 953  29  11   7   0   0  -1   1.3  75
 432.0   13788  0.230   715  1501  2863 953  29  11   7   0   0  -1   1.3  75
 433.0   13685  0.228   715  1504  2868 953  29  11   7   0   0  -1   1.3  75
 434.0   13583  0.227   715  1507  2873 953  29  11   7   0   0  -1   1.3  75
 435.0   13482  0.225   715  1510  2878 952  30  11   7   0   0  -1   1.3  75
 436.0   13382  0.223   715  1513  2883 952  30  11   7   0   0  -1   1.3  75
 437.0   13283  0.222   715  1516  2888 952  30  11   7   0   0  -1   1.3  75
 438.0   13185  0.220   715  1520  2893 951  30  12   7   0   0  -1   1.3  75
 439.0   13088  0.218   715  1523  2898 951  30  12   7   0   0  -1   1.3  75
 440.0   12991  0.217   715  1526  2903 951  30  12   7   0   0  -1   1.3  75
 441.0   12896  0.215   715  1529  2908 950  30  12   7   0   0  -1   1.3  75
 442.0   12801  0.214   715  1532  2913 950  30  12   7   0   0  -1   1.3  75
 443.0   12708  0.212   715  1535  2918 950  30  12   8   0   0  -1   1.3  75
 444.0   12615  0.210   715  1538  2923 949  31  12   8   0   0  -1   1.3  75
 445.0   12523  0.209   715  1541  2928 949  31  13   8   0   0  -1   1.3  75
 446.0   12432  0.207   715  1544  2933 949  31  13   8   0   0  -1   1.3  75
 447.0   12342  0.206   715  1547  2938 948  31  13   8   0   0  -1   1.3  75
 448.0   12253  0.204   715  1550  2943 948  31  13   8   0   0  -1   1.3  75
 449.0   12164  0.203   715  1553  2948 948  31  13   8   0   0  -1   1.3  75
 450.0   12076  0.201   715  1556  2953 947  31  13   8   0   0  -1   1.3  75
 451.0   11990  0.200   715  1559  2958 947  31  13   8   0   0  -1   1.3  75
 452.0   11904  0.199   715  1562  2963 947  32  14   8   0   0  -1   1.3  75
 453.0   11818  0.197   715  1565  2968 946  32  14   8   0   0  -1   1.3  75
 454.0   11734  0.196   715  1568  2973 946  32  14   8   0   0  -1   1.3  75
 455.0   11650  0.194   715  1571  2978 946  32  14   8   0   0  -1   1.3  75
 456.0   11567  0.193   715  1574  2984 945  32  14   8   0   0  -1   1.3  75
 457.0   11485  0.192   715  1577  2989 945  32  14   8   0   0  -1   1.3  75
 458.0   11404  0.190   715  1580  2994 945  32  15   9   0   0  -1   1.3  75
 459.0   11323  0.189   715  1583  2999 944  32  15   9   0   0  -1   1.3  75
 460.0   11243  0.188   715  1586  3004 944  32  15   9   0   0  -1   1.3  75
 461.0   11164  0.186   715  1589  3009 944  33  15   9   0   0  -1   1.3  75
 462.0   11086  0.185   715  1592  3014 943  33  15   9   0   0  -1   1.3  75
 463.0   11008  0.184   715  1595  3019 943  33  15   9   0   0  -1   1.3  75
 464.0   10931  0.182   715  1598  3024 942  33  16   9   0   0  -1   1.3  75
 465.0   10855  0.181   715  1601  3029 942  33  16   9   0   0  -1   1.3  75
 466.0   10780  0.180   715  1604  3034 942  33  16   9   0   0  -1   1.3  75
 467.0   10705  0.179   715  1607  3039 941  33  16   9   0   0  -1   1.3  75
 468.0   10631  0.177   715  1610  3044 941  33  16   9   0   0  -1   1.3  75
 469.0   10557  0.176   715  1613  3049 941  34  17   9   0   0  -1   1.3  75
 470.0   10484  0.175   715  1616  3054 940  34  17   9   0   0  -1   1.3  75
 471.0   10412  0.174   715  1619  3059 940  34  17  10   0   0  -1   1.3  75
 472.0   10341  0.173   715  1622  3064 939  34  17  10   0   0  -1   1.3  75
 473.0   10270  0.171   715  1625  3069 939  34  17  10   0   0  -1   1.3  75
 474.0   10200  0.170   715  1628  3074 939  34  17  10   0   0  -1   1.3  75
 475.0   10130  0.169   715  1631  3079 938  34  18  10   0   0  -1   1.3  75
 476.0   10061  0.168   715  1634  3084 938  35  18  10   0   0  -1   1.3  75
 477.0    9993  0.167   715  1637  3089 937  35  18  10   0   0  -1   1.3  75
 478.0    9925  0.166   715  1640  3094 937  35  18  10   0   0  -1   1.3  75
 479.0    9858  0.164   715  1643  3099 936  35  18  10   0   0  -1   1.3  75
 480.0    9792  0.163   715  1646  3104 936  35  19  10   0   0  -1   1.3  75
 481.0    9726  0.162   715  1649  3109 936  35  19  10   0   0  -1   1.3  75
 482.0    9661  0.161   715  1652  3114 935  35  19  10   0   0  -1   1.3  75
 483.0    9596  0.160   715  1655  3119 935  35  19  10   0   0  -1   1.3  75
 484.0    9532  0.159   715  1658  3124 934  36  20  11   0   0  -1   1.3  75
 485.0    9468  0.158   715  1661  3129 934  36  20  11   0   0  -1   1.3  75
 486.0    9405  0.157   715  1664  3134 933  36  20  11   0   0  -1   1.3  75
 487.0    9343  0.156   715  1667  3139 933  36  20  11   0   0  -1   1.3  75
 488.0    9281  0.155   715  1670  3144 933  36  20  11   0   0  -1   1.3  75
 489.0    9220  0.154   715  1673  3149 932  36  21  11   0   0  -1   1.3  75
 490.0    9159  0.153   715  1676  3154 932  36  21  11   0   0  -1   1.3  75
 491.0    9099  0.152   715  1679  3159 931  36  21  11   0   0  -1   1.3  75
 492.0    9039  0.151   715  1682  3164 931  37  21  11   0   0  -1   1.3  75
 493.0    8980  0.150   715  1685  3169 930  37  22  11   0   0  -1   1.3  75
 494.0    8921  0.149   715  1688  3174 930  37  22  11   0   0  -1   1.3  75
 495.0    8863  0.148   715  1691  3179 929  37  22  12   0   0  -1   1.3  75
 496.0    8805  0.147   715  1694  3184 929  37  22  12   0   0  -1   1.3  75
 497.0    8748  0.146   715  1697  3189 928  37  23  12   0   0  -1   1.3  75
 498.0    8692  0.145   715  1700  3194 928  37  23  12   0   0  -1   1.3  75
 499.0    8635  0.144   715  1702  3199 927  38  23  12   0   0  -1   1.3  75
 500.0    8580  0.143   715  1705  3204 927  38  23  12   0   0  -1   1.3  75
 501.0    8525  0.142   715  1708  3209 927  38  24  12   0   0  -1   1.3  75
 502.0    8470  0.141   715  1711  3214 926  38  24  12   0   0  -1   1.3  75
 503.0    8416  0.140   715  1714  3219 926  38  24  12   0   0  -1   1.3  75
 504.0    8362  0.139   715  1717  3224 925  38  24  12   0   0  -1   1.3  75
 505.0    8309  0.139   715  1720  3229 925  38  25  12   0   0  -1   1.3  75
 506.0    8256  0.138   715  1723  3234 924  38  25  13   0   0  -1   1.3  75
 507.0    8204  0.137   715  1726  3239 924  39  25  13   0   0  -1   1.3  75
 508.0    8152  0.136   715  1729  3244 923  39  25  13   0   0  -1   1.3  75
 509.0    8100  0.135   715  1732  3249 923  39  26  13   0   0  -1   1.3  75
 510.0    8049  0.134   715  1735  3254 922  39  26  13   0   0  -1   1.3  75
 511.0    7999  0.133   715  1738  3258 922  39  26  13   0   0  -1   1.3  75
 512.0    7949  0.133   715  1741  3263 921  39  27  13   0   0  -1   1.3  75
 513.0    7899  0.132   715  1744  3268 921  39  27  13   0   0  -1   1.3  75
 514.0    7850  0.131   715  1747  3273 920  40  27  13   0   0  -1   1.3  75
 515.0    7801  0.130   715  1750  3278 920  40  27  13   0   0  -1   1.3  75
 516.0    7752  0.129   715  1753  3283 919  40  28  13   0   0  -1   1.3  75
 517.0    7704  0.129   715  1756  3287 919  40  28  14   0   0  -1   1.3  75
 518.0    7657  0.128   715  1759  3292 918  40  28  14   0   0  -1   1.3  75
 519.0    7609  0.127   715  1762  3297 918  40  28  14   0   0  -1   1.3  75
 520.0    7563  0.126   715  1765  3302 917  40  29  14   0   0  -1   1.3  75
 521.0    7516  0.125   715  1768  3306 916  40  29  14   0   0  -1   1.3  75
 522.0    7470  0.125   715  1771  3311 916  41  29  14   0   0  -1   1.3  75
 523.0    7425  0.124   715  1774  3316 915  41  30  14   0   0  -1   1.3  75
 524.0    7379  0.123   715  1777  3320 915  41  30  14   0   0  -1   1.3  75
 525.0    7334  0.122   715  1780  3325 914  41  30  14   0   0  -1   1.3  75
 526.0    7290  0.122   715  1783  3329 914  41  31  14   0   0  -1   1.3  75
 527.0    7246  0.121   715  1786  3334 913  41  31  15   0   0  -1   1.3  75
 528.0    7202  0.120   715  1789  3338 913  41  31  15   0   0  -1   1.3  75
 529.0    7159  0.119   715  1792  3342 912  42  31  15   0   0  -1   1.3  75
 530.0    7116  0.119   715  1795  3347 912  42  32  15   0   0  -1   1.3  75
 531.0    7073  0.118   715  1797  3351 911  42  32  15   0   0  -1   1.3  75
 532.0    7031  0.117   715  1800  3355 911  42  32  15   0   0  -1   1.3  75
 533.0    6989  0.117   715  1803  3359 910  42  33  15   0   0  -1   1.3  75
 534.0    6947  0.116   715  1806  3363 910  42  33  15   0   0  -1   1.3  75
 535.0    6906  0.115   715  1809  3367 909  42  33  15   0   0  -1   1.3  75
 536.0    6865  0.115   715  1812  3370 909  42  33  15   0   0  -1   1.3  75
 537.0    6824  0.114   715  1815  3374 908  43  34  15   0   0  -1   1.3  75
 538.0    6784  0.113   715  1818  3377 908  43  34  16   0   0  -1   1.3  75
 539.0    6744  0.113   715  1821  3381 907  43  34  16   0   0  -1   1.3  75
 540.0    6704  0.112   715  1824  3384 907  43  35  16   0   0  -1   1.3  75
 541.0    6665  0.111   715  1827  3387 906  43  35  16   0   0  -1   1.3  75
 542.0    6626  0.111   715  1830  3390 906  43  35  16   0   0  -1   1.3  75
 543.0    6587  0.110   715  1833  3393 905  43  35  16   0   0  -1   1.3  75
 544.0    6549  0.109   715  1836  3396 905  43  36  16   0   0  -1   1.3  75
 545.0    6511  0.109   715  1839  3398 904  44  36  16   0   0  -1   1.3  75
 546.0    6473  0.108   715  1842  3401 904  44  36  16   0   0  -1   1.3  75
 547.0    6436  0.107   715  1845  3403 903  44  37  16   0   0  -1   1.3  75
 548.0    6399  0.107   715  1848  3405 903  44  37  16   0   0  -1   1.3  75
 549.0    6362  0.106   715  1851  3407 902  44  37  17   0   0  -1   1.3  75
 550.0    6325  0.106   715  1854  3408 902  44  37  17   0   0  -1   1.3  75
 551.0    6289  0.105   715  1857  3410 901  44  38  17   0   0  -1   1.3  75
 552.0    6253  0.104   715  1860  3411 901  44  38  17   0   0  -1   1.3  75
 553.0    6217  0.104   715  1863  3412 900  45  38  17   0   0  -1   1.3  75
 554.0    6182  0.103   715  1866  3413 900  45  39  17   0   0  -1   1.3  75
 555.0    6147  0.103   715  1869  3414 899  45  39  17   0   0  -1   1.3  75
 556.0    6112  0.102   715  1872  3415 899  45  39  17   0   0  -1   1.3  75
 557.0    6077  0.101   715  1875  3415 898  45  39  17   0   0  -1   1.3  75
 558.0    6043  0.101   715  1878  3416 898  45  40  17   0   0  -1   1.3  75
 559.0    6009  0.100   715  1881  3416 897  45  40  17   0   0  -1   1.3  75
 560.0    5975  0.100   715  1884  3416 897  45  40  17   0   0  -1   1.3  75
 561.0    5942  0.099   715  1887  3416 897  46  40  18   0   0  -1   1.3  75
 562.0    5909  0.099   715  1889  3416 896  46  41  18   0   0  -1   1.3  75
 563.0    5876  0.098   715  1892  3416 896  46  41  18   0   0  -1   1.3  75
 564.0    5843  0.097   715  1895  3415 895  46  41  18   0   0  -1   1.3  75
 565.0    5811  0.097   715  1898  3415 895  46  41  18   0   0  -1   1.3  75
 566.0    5779  0.096   715  1901  3414 894  46  42  18   0   0  -1   1.3  75
 567.0    5747  0.096   715  1904  3413 894  46  42  18   0   0  -1   1.3  75
 568.0    5715  0.095   715  1907  3413 893  46  42  18   0   0  -1   1.3  75
 569.0    5684  0.095   715  1910  3412 893  46  42  18   0   0  -1   1.3  75
 570.0    5652  0.094   715  1913  3411 893  47  43  18   0   0  -1   1.3  75
 571.0    5621  0.094   715  1916  3410 892  47  43  18   0   0  -1   1.3  75
 572.0    5591  0.093   715  1919  3409 892  47  43  18   0   0  -1   1.3  75
 573.0    5560  0.093   715  1922  3408 891  47  43  18   0   0  -1   1.3  75
 574.0    5530  0.092   715  1925  3406 891  47  44  18   0   0  -1   1.3  75
 575.0    5500  0.092   715  1928  3405 891  47  44  19   0   0  -1   1.3  75
 576.0    5470  0.091   715  1931  3404 890  47  44  19   0   0  -1   1.3  75
 577.0    5441  0.091   715  1934  3402 890  47  44  19   0   0  -1   1.3  75
 578.0    5411  0.090   715  1937  3401 889  47  44  19   0   0  -1   1.3  75
 579.0    5382  0.090   715  1940  3400 889  48  45  19   0   0  -1   1.3  75
 580.0    5353  0.089   715  1943  3398 889  48  45  19   0   0  -1   1.3  75
 581.0    5325  0.089   715  1946  3397 888  48  45  19   0   0  -1   1.3  75
 582.0    5296  0.088   715  1949  3395 888  48  45  19   0   0  -1   1.3  75
 583.0    5268  0.088   715  1952  3394 887  48  46  19   0   0  -1   1.3  75
 584.0    5240  0.087   715  1955  3392 887  48  46  19   0   0  -1   1.3  75
 585.0    5212  0.087   715  1958  3390 887  48  46  19   0   0  -1   1.3  75
 586.0    5185  0.086   715  1961  3389 886  48  46  19   0   0  -1   1.3  75
 587.0    5157  0.086   715  1964  3387 886  48  46  19   0   0  -1   1.3  75
 588.0    5130  0.086   715  1967  3385 885  49  47  19   0   0  -1   1.3  75
 589.0    5103  0.085   715  1970  3384 885  49  47  19   0   0  -1   1.3  75
 590.0    5077  0.085   715  1973  3382 885  49  47  19   0   0  -1   1.3  75
 591.0    5050  0.084   715  1976  3380 884  49  47  20   0   0  -1   1.3  75
 592.0    5024  0.084   715  1979  3379 884  49  47  20   0   0  -1   1.3  75
 593.0    4997  0.083   715  1982  3377 884  49  48  20   0   0  -1   1.3  75
 594.0    4971  0.083   715  1984  3375 883  49  48  20   0   0  -1   1.3  75
 595.0    4946  0.083   715  1987  3374 883  49  48  20   0   0  -1   1.3  75
 596.0    4920  0.082   715  1990  3372 883  49  48  20   0   0  -1   1.3  75
 597.0    4895  0.082   715  1993  3370 882  50  49  20   0   0  -1   1.3  75
 598.0    4869  0.081   715  1996  3368 882  50  49  20   0   0  -1   1.3  75
 599.0    4844  0.081   715  1999  3367 881  50  49  20   0   0  -1   1.3  75
 600.0    4820  0.080   715  2002  3365 881  50  49  20   0   0  -1   1.3  75
 601.0    4795  0.080   715  2005  3363 881  50  49  20   0   0  -1   1.3  75
 602.0    4770  0.080   715  2008  3361 880  50  50  20   0   0  -1   1.3  75
 603.0    4746  0.079   715  2011  3360 880  50  50  20   0   0  -1   1.3  75
 604.0    4722  0.079   715  2014  3358 880  50  50  20   0   0  -1   1.3  75
 605.0    4698  0.078   715  2017  3356 879  50  50  20   0   0  -1   1.3  75
 606.0    4674  0.078   715  2020  3354 879  50  50  20   0   0  -1   1.3  75
 607.0    4651  0.078   715  2023  3352 879  51  51  20   0   0  -1   1.3  75
 608.0    4627  0.077   715  2026  3351 878  51  51  20   0   0  -1   1.3  75
 609.0    4604  0.077   715  2029  3349 878  51  51  20   0   0  -1   1.3  75
 610.0    4581  0.076   715  2032  3347 877  51  51  21   0   0  -1   1.3  75
 611.0    4558  0.076   715  2035  3345 877  51  51  21   0   0  -1   1.3  75
 612.0    4535  0.076   715  2038  3343 877  51  52  21   0   0  -1   1.3  75
 613.0    4513  0.075   715  2041  3342 876  51  52  21   0   0  -1   1.3  75
 614.0    4490  0.075   715  2044  3340 876  51  52  21   0   0  -1   1.3  75
 615.0    4468  0.075   715  2047  3338 876  51  52  21   0   0  -1   1.3  75
 616.0    4446  0.074   715  2050  3336 875  52  52  21   0   0  -1   1.3  75
 617.0    4424  0.074   715  2053  3334 875  52  53  21   0   0  -1   1.3  75
 618.0    4402  0.073   715  2056  3333 875  52  53  21   0   0  -1   1.3  75
 619.0    4380  0.073   715  2059  3331 874  52  53  21   0   0  -1   1.3  75
 620.0    4359  0.073   715  2062  3329 874  52  53  21   0   0  -1   1.3  75
 621.0    4338  0.072   715  2065  3327 874  52  53  21   0   0  -1   1.3  75
 622.0    4316  0.072   715  2068  3325 873  52  54  21   0   0  -1   1.3  75
 623.0    4295  0.072   715  2071  3324 873  52  54  21   0   0  -1   1.3  75
 624.0    4274  0.071   715  2074  3322 872  52  54  21   0   0  -1   1.3  75
 625.0    4254  0.071   715  2077  3320 872  52  54  21   0   0  -1   1.3  75
 626.0    4233  0.071   715  2079  3318 872  53  54  21   0   0  -1   1.3  75
 627.0    4213  0.070   715  2082  3316 871  53  55  21   0   0  -1   1.3  75
 628.0    4192  0.070   715  2085  3315 871  53  55  21   0   0  -1   1.3  75
 629.0    4172  0.070   715  2088  3313 871  53  55  22   0   0  -1   1.3  75
 630.0    4152  0.069   715  2091  3311 870  53  55  22   0   0  -1   1.3  75
 631.0    4132  0.069   715  2094  3309 870  53  55  22   0   0  -1   1.3  75
 632.0    4112  0.069   715  2097  3307 870  53  56  22   0   0  -1   1.3  75
 633.0    4093  0.068   715  2100  3306 869  53  56  22   0   0  -1   1.3  75
 634.0    4073  0.068   715  2103  3304 869  53  56  22   0   0  -1   1.3  75
 635.0    4054  0.068   715  2106  3302 869  54  56  22   0   0  -1   1.3  75
 636.0    4035  0.067   715  2109  3300 868  54  56  22   0   0  -1   1.3  75
 637.0    4016  0.067   715  2112  3298 868  54  57  22   0   0  -1   1.3  75
 638.0    3997  0.067   715  2115  3297 867  54  57  22   0   0  -1   1.3  75
 639.0    3978  0.066   715  2118  3295 867  54  57  22   0   0  -1   1.3  75
 640.0    3959  0.066   715  2121  3293 867  54  57  22   0   0  -1   1.3  75
 641.0    3941  0.066   715  2124  3291 866  54  57  22   0   0  -1   1.3  75
 642.0    3922  0.065   715  2127  3289 866  54  58  22   0   0  -1   1.3  75
 643.0    3904  0.065   715  2130  3288 866  54  58  22   0   0  -1   1.3  75
 644.0    3886  0.065   715  2133  3286 865  55  58  22   0   0  -1   1.3  75
 645.0    3868  0.065   715  2136  3284 865  55  58  22   0   0  -1   1.3  75
 646.0    3850  0.064   715  2139  3282 864  55  58  22   0   0  -1   1.3  75
 647.0    3832  0.064   715  2142  3280 864  55  59  22   0   0  -1   1.3  75
 648.0    3814  0.064   715  2145  3278 864  55  59  22   0   0  -1   1.3  75
 649.0    3797  0.063   715  2148  3277 863  55  59  23   0   0  -1   1.3  75
 650.0    3779  0.063   715  2151  3275 863  55  59  23   0   0  -1   1.3  75
 651.0    3762  0.063   715  2154  3273 863  55  59  23   0   0  -1   1.3  75
 652.0    3745  0.062   715  2157  3271 862  55  60  23   0   0  -1   1.3  75
 653.0    3728  0.062   715  2160  3269 862  56  60  23   0   0  -1   1.3  75
 654.0    3711  0.062   715  2163  3268 862  56  60  23   0   0  -1   1.3  75
 655.0    3694  0.062   715  2166  3266 861  56  60  23   0   0  -1   1.3  75
 656.0    3677  0.061   715  2169  3264 861  56  60  23   0   0  -1   1.3  75
 657.0    3660  0.061   715  2172  3262 860  56  61  23   0   0  -1   1.3  75
 658.0    3644  0.061   715  2174  3260 860  56  61  23   0   0  -1   1.3  75
 659.0    3627  0.061   715  2177  3259 860  56  61  23   0   0  -1   1.3  75
 660.0    3611  0.060   715  2180  3257 859  56  61  23   0   0  -1   1.3  75
 661.0    3595  0.060   715  2183  3255 859  56  62  23   0   0  -1   1.3  75
 662.0    3579  0.060   715  2186  3253 859  56  62  23   0   0  -1   1.3  75
 663.0    3563  0.059   715  2189  3251 858  57  62  23   0   0  -1   1.3  75
 664.0    3547  0.059   715  2192  3250 858  57  62  23   0   0  -1   1.3  75
 665.0    3531  0.059   715  2195  3248 857  57  62  23   0   0  -1   1.3  75
 666.0    3515  0.059   715  2198  3246 857  57  63  23   0   0  -1   1.3  75
 667.0    3500  0.058   715  2201  3244 857  57  63  23   0   0  -1   1.3  75
 668.0    3484  0.058   715  2204  3242 856  57  63  24   0   0  -1   1.3  75
 669.0    3469  0.058   715  2207  3241 856  57  63  24   0   0  -1   1.3  75
 670.0    3454  0.058   715  2210  3239 855  57  64  24   0   0  -1   1.3  75
 671.0    3438  0.057   715  2213  3237 855  57  64  24   0   0  -1   1.3  75
 672.0    3423  0.057   715  2216  3235 855  58  64  24   0   0  -1   1.3  75
 673.0    3408  0.057   715  2219  3233 854  58  64  24   0   0  -1   1.3  75
 674.0    3393  0.057   715  2222  3231 854  58  64  24   0   0  -1   1.3  75
 675.0    3379  0.056   715  2225  3230 853  58  65  24   0   0  -1   1.3  75
 676.0    3364  0.056   715  2228  3228 853  58  65  24   0   0  -1   1.3  75
 677.0    3349  0.056   715  2231  3226 853  58  65  24   0   0  -1   1.3  75
 678.0    3335  0.056   715  2234  3224 852  58  65  24   0   0  -1   1.3  75
 679.0    3320  0.055   715  2237  3222 852  58  66  24   0   0  -1   1.3  75
 680.0    3306  0.055   715  2240  3221 851  58  66  24   0   0  -1   1.3  75
 681.0    3292  0.055   715  2243  3219 851  59  66  24   0   0  -1   1.3  75
 682.0    3278  0.055   715  2246  3217 851  59  66  24   0   0  -1   1.3  75
 683.0    3264  0.054   715  2249  3215 850  59  67  24   0   0  -1   1.3  75
 684.0    3250  0.054   715  2252  3213 850  59  67  24   0   0  -1   1.3  75
 685.0    3236  0.054   715  2255  3212 849  59  67  24   0   0  -1   1.3  75
 686.0    3222  0.054   715  2258  3210 849  59  67  25   0   0  -1   1.3  75
 687.0    3208  0.054   715  2261  3208 849  59  67  25   0   0  -1   1.3  75
 688.0    3195  0.053   715  2264  3206 848  59  68  25   0   0  -1   1.3  75
 689.0    3181  0.053   715  2267  3204 848  59  68  25   0   0  -1   1.3  75
 690.0    3168  0.053   715  2269  3203 847  60  68  25   0   0  -1   1.3  75
 691.0    3154  0.053   715  2272  3201 847  60  68  25   0   0  -1   1.3  75
 692.0    3141  0.052   715  2275  3199 847  60  69  25   0   0  -1   1.3  75
 693.0    3128  0.052   715  2278  3197 846  60  69  25   0   0  -1   1.3  75
 694.0    3115  0.052   715  2281  3195 846  60  69  25   0   0  -1   1.3  75
 695.0    3102  0.052   715  2284  3194 845  60  69  25   0   0  -1   1.3  75
 696.0    3089  0.052   715  2287  3192 845  60  70  25   0   0  -1   1.3  75
 697.0    3076  0.051   715  2290  3190 845  60  70  25   0   0  -1   1.3  75
 698.0    3063  0.051   715  2293  3188 844  60  70  25   0   0  -1   1.3  75
 699.0    3050  0.051   715  2296  3186 844  61  70  25   0   0  -1   1.3  75
 700.0    3038  0.051   715  2299  3184 843  61  71  25   0   0  -1   1.3  75
