% VITMO ModelWeb Browser Results
% NRLMSISE-00 model listing
% Input parameters
% year= 2005, month= 10, day= 8, hour=22.00,
% Time_type = Universal
% Coordinate_type = Geographic
% latitude= 69.58, longitude= 19.23, height= 100.00
% Prof. parameters: start= 85.00 stop= 700.00 step= 1.00
% 
% Optional parametes: F10.7(daily) =not specified; F10.7(3-month avg) =not specified; ap(daily) = not specified
% 
%    Selected parameters are:
% 1 Height, km
% 2 O, cm-3 
% 3 N2, cm-3
% 4 O2, cm-3
% 5 Mass_density, g/cm-3
% 6 Temperature_neutral, K
% 7 He, cm-3 
% 8 Ar, cm-3
% 9 H, cm-3
% 10 N, cm-3
% 
%     1          2          3          4         5      6          7          8          9         10
   85.0  2.554E+10  1.091E+14  2.867E+13 6.681E-09  208.7  7.792E+08  1.290E+12  1.060E+08  6.321E+04
   86.0  3.998E+10  9.341E+13  2.451E+13 5.718E-09  206.0  6.738E+08  1.102E+12  9.830E+07  7.005E+04
   87.0  5.777E+10  8.007E+13  2.095E+13 4.899E-09  204.4  5.843E+08  9.422E+11  8.989E+07  7.597E+04
   88.0  7.976E+10  6.865E+13  1.790E+13 4.197E-09  202.5  5.075E+08  8.055E+11  8.077E+07  8.240E+04
   89.0  1.055E+11  5.885E+13  1.529E+13 3.596E-09  200.4  4.418E+08  6.883E+11  7.192E+07  8.940E+04
   90.0  1.341E+11  5.044E+13  1.305E+13 3.080E-09  197.9  3.854E+08  5.878E+11  6.381E+07  9.700E+04
   91.0  1.641E+11  4.321E+13  1.113E+13 2.637E-09  195.2  3.369E+08  5.013E+11  5.658E+07  1.052E+05
   92.0  1.939E+11  3.697E+13  9.473E+12 2.255E-09  192.3  2.950E+08  4.266E+11  5.022E+07  1.140E+05
   93.0  2.217E+11  3.154E+13  8.035E+12 1.923E-09  189.5  2.587E+08  3.618E+11  4.466E+07  1.233E+05
   94.0  2.456E+11  2.683E+13  6.789E+12 1.635E-09  186.9  2.270E+08  3.055E+11  3.981E+07  1.329E+05
   95.0  2.643E+11  2.274E+13  5.709E+12 1.384E-09  184.7  1.994E+08  2.567E+11  3.558E+07  1.429E+05
   96.0  2.769E+11  1.918E+13  4.776E+12 1.167E-09  182.9  1.754E+08  2.144E+11  3.190E+07  1.531E+05
   97.0  2.831E+11  1.611E+13  3.973E+12 9.794E-10  181.8  1.545E+08  1.780E+11  2.869E+07  1.634E+05
   98.0  2.832E+11  1.348E+13  3.287E+12 8.182E-10  181.4  1.363E+08  1.467E+11  2.588E+07  1.738E+05
   99.0  2.776E+11  1.122E+13  2.704E+12 6.804E-10  181.8  1.206E+08  1.202E+11  2.341E+07  1.843E+05
  100.0  2.673E+11  9.297E+12  2.211E+12 5.632E-10  183.3  1.069E+08  9.778E+10  2.122E+07  1.948E+05
  101.0  2.533E+11  7.674E+12  1.799E+12 4.642E-10  186.0  9.498E+07  7.902E+10  1.928E+07  2.052E+05
  102.0  2.369E+11  6.318E+12  1.458E+12 3.816E-10  189.9  8.470E+07  6.353E+10  1.754E+07  2.158E+05
  103.0  2.193E+11  5.196E+12  1.179E+12 3.133E-10  194.9  7.584E+07  5.090E+10  1.600E+07  2.269E+05
  104.0  2.014E+11  4.274E+12  9.521E+11 2.573E-10  201.0  6.821E+07  4.070E+10  1.461E+07  2.386E+05
  105.0  1.838E+11  3.521E+12  7.694E+11 2.116E-10  208.2  6.163E+07  3.253E+10  1.337E+07  2.513E+05
  106.0  1.670E+11  2.907E+12  6.228E+11 1.744E-10  216.4  5.593E+07  2.603E+10  1.226E+07  2.650E+05
  107.0  1.513E+11  2.409E+12  5.054E+11 1.442E-10  225.5  5.098E+07  2.087E+10  1.125E+07  2.801E+05
  108.0  1.369E+11  2.004E+12  4.117E+11 1.198E-10  235.5  4.668E+07  1.680E+10  1.033E+07  2.968E+05
  109.0  1.239E+11  1.677E+12  3.369E+11 1.000E-10  246.2  4.294E+07  1.359E+10  9.512E+06  3.155E+05
  110.0  1.122E+11  1.411E+12  2.774E+11 8.406E-11  257.2  3.968E+07  1.107E+10  8.771E+06  3.367E+05
  111.0  1.019E+11  1.197E+12  2.299E+11 7.114E-11  268.4  3.685E+07  9.087E+09  8.107E+06  3.609E+05
  112.0  9.283E+10  1.022E+12  1.918E+11 6.063E-11  279.5  3.439E+07  7.518E+09  7.509E+06  3.884E+05
  113.0  8.476E+10  8.776E+11  1.610E+11 5.201E-11  290.7  3.223E+07  6.266E+09  6.968E+06  4.193E+05
  114.0  7.759E+10  7.585E+11  1.359E+11 4.488E-11  301.7  3.031E+07  5.261E+09  6.477E+06  4.539E+05
  115.0  7.119E+10  6.591E+11  1.154E+11 3.895E-11  312.7  2.862E+07  4.447E+09  6.029E+06  4.925E+05
  116.0  6.546E+10  5.757E+11  9.842E+10 3.398E-11  323.7  2.710E+07  3.782E+09  5.618E+06  5.352E+05
  117.0  6.031E+10  5.051E+11  8.435E+10 2.978E-11  334.7  2.574E+07  3.235E+09  5.240E+06  5.822E+05
  118.0  5.566E+10  4.450E+11  7.259E+10 2.620E-11  345.7  2.451E+07  2.782E+09  4.892E+06  6.337E+05
  119.0  5.144E+10  3.936E+11  6.270E+10 2.315E-11  356.8  2.339E+07  2.404E+09  4.569E+06  6.897E+05
  120.0  4.759E+10  3.491E+11  5.435E+10 2.052E-11  368.2  2.237E+07  2.086E+09  4.269E+06  7.504E+05
  121.0  4.407E+10  3.106E+11  4.724E+10 1.824E-11  380.0  2.142E+07  1.816E+09  3.989E+06  8.154E+05
  122.0  4.083E+10  2.769E+11  4.117E+10 1.625E-11  392.4  2.054E+07  1.585E+09  3.726E+06  8.847E+05
  123.0  3.782E+10  2.473E+11  3.596E+10 1.450E-11  405.5  1.971E+07  1.387E+09  3.479E+06  9.578E+05
  124.0  3.507E+10  2.214E+11  3.149E+10 1.297E-11  419.3  1.894E+07  1.216E+09  3.248E+06  1.035E+06
  125.0  3.258E+10  1.989E+11  2.770E+10 1.165E-11  432.9  1.823E+07  1.072E+09  3.035E+06  1.119E+06
  126.0  3.036E+10  1.795E+11  2.448E+10 1.051E-11  446.2  1.759E+07  9.483E+08  2.840E+06  1.209E+06
  127.0  2.836E+10  1.625E+11  2.172E+10 9.518E-12  459.2  1.701E+07  8.426E+08  2.660E+06  1.306E+06
  128.0  2.655E+10  1.477E+11  1.935E+10 8.649E-12  471.8  1.648E+07  7.514E+08  2.495E+06  1.411E+06
  129.0  2.491E+10  1.347E+11  1.731E+10 7.886E-12  484.1  1.599E+07  6.723E+08  2.342E+06  1.523E+06
  130.0  2.342E+10  1.231E+11  1.554E+10 7.211E-12  496.1  1.554E+07  6.032E+08  2.201E+06  1.643E+06
  131.0  2.206E+10  1.129E+11  1.400E+10 6.614E-12  507.8  1.512E+07  5.427E+08  2.071E+06  1.771E+06
  132.0  2.081E+10  1.038E+11  1.265E+10 6.082E-12  519.3  1.473E+07  4.894E+08  1.950E+06  1.906E+06
  133.0  1.967E+10  9.565E+10  1.146E+10 5.606E-12  530.4  1.437E+07  4.423E+08  1.838E+06  2.049E+06
  134.0  1.862E+10  8.833E+10  1.042E+10 5.180E-12  541.2  1.404E+07  4.006E+08  1.734E+06  2.200E+06
  135.0  1.765E+10  8.174E+10  9.494E+09 4.797E-12  551.8  1.372E+07  3.635E+08  1.638E+06  2.359E+06
  136.0  1.675E+10  7.580E+10  8.676E+09 4.451E-12  562.1  1.343E+07  3.304E+08  1.548E+06  2.525E+06
  137.0  1.592E+10  7.041E+10  7.948E+09 4.138E-12  572.1  1.315E+07  3.008E+08  1.465E+06  2.699E+06
  138.0  1.515E+10  6.552E+10  7.298E+09 3.854E-12  581.9  1.289E+07  2.744E+08  1.387E+06  2.880E+06
  139.0  1.444E+10  6.107E+10  6.716E+09 3.596E-12  591.5  1.264E+07  2.506E+08  1.315E+06  3.067E+06
  140.0  1.377E+10  5.701E+10  6.194E+09 3.360E-12  600.8  1.241E+07  2.292E+08  1.248E+06  3.262E+06
  141.0  1.315E+10  5.329E+10  5.724E+09 3.145E-12  609.8  1.219E+07  2.099E+08  1.185E+06  3.462E+06
  142.0  1.257E+10  4.989E+10  5.300E+09 2.947E-12  618.7  1.198E+07  1.925E+08  1.127E+06  3.669E+06
  143.0  1.203E+10  4.676E+10  4.916E+09 2.766E-12  627.3  1.178E+07  1.768E+08  1.073E+06  3.880E+06
  144.0  1.152E+10  4.389E+10  4.568E+09 2.600E-12  635.7  1.159E+07  1.625E+08  1.022E+06  4.097E+06
  145.0  1.104E+10  4.124E+10  4.252E+09 2.446E-12  643.9  1.141E+07  1.496E+08  9.742E+05  4.317E+06
  146.0  1.059E+10  3.879E+10  3.964E+09 2.304E-12  651.9  1.123E+07  1.379E+08  9.299E+05  4.541E+06
  147.0  1.017E+10  3.653E+10  3.701E+09 2.173E-12  659.7  1.107E+07  1.272E+08  8.884E+05  4.768E+06
  148.0  9.774E+09  3.443E+10  3.460E+09 2.052E-12  667.2  1.091E+07  1.175E+08  8.496E+05  4.997E+06
  149.0  9.399E+09  3.248E+10  3.239E+09 1.939E-12  674.6  1.076E+07  1.086E+08  8.134E+05  5.228E+06
  150.0  9.045E+09  3.068E+10  3.036E+09 1.834E-12  681.9  1.061E+07  1.006E+08  7.794E+05  5.460E+06
  151.0  8.710E+09  2.900E+10  2.850E+09 1.737E-12  688.9  1.047E+07  9.315E+07  7.476E+05  5.691E+06
  152.0  8.393E+09  2.743E+10  2.678E+09 1.646E-12  695.7  1.033E+07  8.638E+07  7.178E+05  5.922E+06
  153.0  8.092E+09  2.597E+10  2.519E+09 1.561E-12  702.4  1.020E+07  8.018E+07  6.898E+05  6.152E+06
  154.0  7.808E+09  2.460E+10  2.371E+09 1.482E-12  708.9  1.007E+07  7.448E+07  6.636E+05  6.380E+06
  155.0  7.537E+09  2.333E+10  2.235E+09 1.408E-12  715.3  9.952E+06  6.925E+07  6.391E+05  6.605E+06
  156.0  7.280E+09  2.213E+10  2.109E+09 1.339E-12  721.5  9.834E+06  6.444E+07  6.160E+05  6.826E+06
  157.0  7.036E+09  2.102E+10  1.991E+09 1.274E-12  727.5  9.720E+06  6.001E+07  5.943E+05  7.043E+06
  158.0  6.803E+09  1.997E+10  1.882E+09 1.213E-12  733.4  9.610E+06  5.593E+07  5.739E+05  7.256E+06
  159.0  6.582E+09  1.898E+10  1.780E+09 1.155E-12  739.2  9.503E+06  5.217E+07  5.548E+05  7.463E+06
  160.0  6.370E+09  1.806E+10  1.684E+09 1.101E-12  744.7  9.399E+06  4.869E+07  5.368E+05  7.664E+06
  161.0  6.169E+09  1.718E+10  1.595E+09 1.050E-12  750.2  9.299E+06  4.548E+07  5.198E+05  7.858E+06
  162.0  5.976E+09  1.636E+10  1.512E+09 1.002E-12  755.5  9.201E+06  4.251E+07  5.038E+05  8.046E+06
  163.0  5.792E+09  1.559E+10  1.434E+09 9.573E-13  760.7  9.106E+06  3.976E+07  4.888E+05  8.226E+06
  164.0  5.616E+09  1.486E+10  1.361E+09 9.148E-13  765.8  9.014E+06  3.721E+07  4.746E+05  8.398E+06
  165.0  5.447E+09  1.417E+10  1.292E+09 8.746E-13  770.7  8.925E+06  3.484E+07  4.613E+05  8.562E+06
  166.0  5.286E+09  1.352E+10  1.228E+09 8.365E-13  775.5  8.838E+06  3.265E+07  4.487E+05  8.717E+06
  167.0  5.131E+09  1.291E+10  1.167E+09 8.006E-13  780.2  8.753E+06  3.061E+07  4.367E+05  8.863E+06
  168.0  4.983E+09  1.233E+10  1.110E+09 7.665E-13  784.8  8.670E+06  2.871E+07  4.255E+05  9.000E+06
  169.0  4.840E+09  1.178E+10  1.056E+09 7.342E-13  789.2  8.589E+06  2.695E+07  4.149E+05  9.128E+06
  170.0  4.703E+09  1.126E+10  1.006E+09 7.036E-13  793.6  8.511E+06  2.530E+07  4.048E+05  9.247E+06
  171.0  4.572E+09  1.077E+10  9.579E+08 6.745E-13  797.8  8.434E+06  2.377E+07  3.953E+05  9.355E+06
  172.0  4.445E+09  1.030E+10  9.127E+08 6.470E-13  801.9  8.359E+06  2.235E+07  3.864E+05  9.455E+06
  173.0  4.324E+09  9.855E+09  8.700E+08 6.208E-13  806.0  8.286E+06  2.101E+07  3.778E+05  9.544E+06
  174.0  4.207E+09  9.433E+09  8.296E+08 5.959E-13  809.9  8.215E+06  1.977E+07  3.698E+05  9.624E+06
  175.0  4.094E+09  9.033E+09  7.914E+08 5.722E-13  813.7  8.145E+06  1.861E+07  3.621E+05  9.695E+06
  176.0  3.985E+09  8.653E+09  7.552E+08 5.496E-13  817.5  8.077E+06  1.752E+07  3.549E+05  9.756E+06
  177.0  3.880E+09  8.291E+09  7.209E+08 5.281E-13  821.1  8.010E+06  1.651E+07  3.480E+05  9.808E+06
  178.0  3.779E+09  7.947E+09  6.884E+08 5.076E-13  824.6  7.945E+06  1.556E+07  3.415E+05  9.850E+06
  179.0  3.681E+09  7.620E+09  6.575E+08 4.881E-13  828.1  7.881E+06  1.467E+07  3.353E+05  9.884E+06
  180.0  3.587E+09  7.308E+09  6.282E+08 4.695E-13  831.5  7.818E+06  1.383E+07  3.295E+05  9.909E+06
  181.0  3.496E+09  7.011E+09  6.004E+08 4.518E-13  834.8  7.757E+06  1.305E+07  3.239E+05  9.925E+06
  182.0  3.408E+09  6.728E+09  5.740E+08 4.348E-13  838.0  7.696E+06  1.232E+07  3.186E+05  9.934E+06
  183.0  3.323E+09  6.457E+09  5.489E+08 4.186E-13  841.1  7.637E+06  1.163E+07  3.135E+05  9.934E+06
  184.0  3.241E+09  6.200E+09  5.251E+08 4.031E-13  844.2  7.580E+06  1.098E+07  3.087E+05  9.926E+06
  185.0  3.161E+09  5.954E+09  5.023E+08 3.883E-13  847.1  7.523E+06  1.038E+07  3.041E+05  9.911E+06
  186.0  3.084E+09  5.719E+09  4.807E+08 3.742E-13  850.0  7.467E+06  9.805E+06  2.998E+05  9.889E+06
  187.0  3.010E+09  5.495E+09  4.601E+08 3.607E-13  852.9  7.412E+06  9.269E+06  2.956E+05  9.859E+06
  188.0  2.937E+09  5.280E+09  4.405E+08 3.477E-13  855.6  7.359E+06  8.765E+06  2.917E+05  9.824E+06
  189.0  2.867E+09  5.075E+09  4.218E+08 3.353E-13  858.3  7.306E+06  8.290E+06  2.879E+05  9.782E+06
  190.0  2.799E+09  4.880E+09  4.040E+08 3.234E-13  861.0  7.254E+06  7.844E+06  2.843E+05  9.734E+06
  191.0  2.733E+09  4.692E+09  3.871E+08 3.120E-13  863.5  7.203E+06  7.423E+06  2.809E+05  9.681E+06
  192.0  2.669E+09  4.513E+09  3.709E+08 3.011E-13  866.0  7.153E+06  7.027E+06  2.776E+05  9.622E+06
  193.0  2.607E+09  4.341E+09  3.554E+08 2.906E-13  868.5  7.104E+06  6.653E+06  2.745E+05  9.558E+06
  194.0  2.547E+09  4.177E+09  3.407E+08 2.806E-13  870.8  7.055E+06  6.301E+06  2.715E+05  9.490E+06
  195.0  2.489E+09  4.020E+09  3.266E+08 2.710E-13  873.1  7.007E+06  5.969E+06  2.686E+05  9.417E+06
  196.0  2.432E+09  3.869E+09  3.131E+08 2.617E-13  875.4  6.960E+06  5.656E+06  2.659E+05  9.340E+06
  197.0  2.377E+09  3.725E+09  3.003E+08 2.528E-13  877.6  6.914E+06  5.361E+06  2.632E+05  9.260E+06
  198.0  2.323E+09  3.586E+09  2.880E+08 2.443E-13  879.8  6.869E+06  5.082E+06  2.607E+05  9.176E+06
  199.0  2.271E+09  3.454E+09  2.763E+08 2.361E-13  881.8  6.824E+06  4.818E+06  2.583E+05  9.089E+06
  200.0  2.220E+09  3.326E+09  2.651E+08 2.282E-13  883.9  6.779E+06  4.570E+06  2.560E+05  8.999E+06
  201.0  2.171E+09  3.204E+09  2.543E+08 2.206E-13  885.9  6.731E+06  4.335E+06  2.538E+05  8.906E+06
  202.0  2.123E+09  3.087E+09  2.441E+08 2.134E-13  887.8  6.688E+06  4.112E+06  2.517E+05  8.811E+06
  203.0  2.077E+09  2.975E+09  2.343E+08 2.064E-13  889.7  6.646E+06  3.902E+06  2.497E+05  8.714E+06
  204.0  2.031E+09  2.867E+09  2.249E+08 1.996E-13  891.6  6.604E+06  3.704E+06  2.478E+05  8.614E+06
  205.0  1.987E+09  2.763E+09  2.159E+08 1.931E-13  893.4  6.563E+06  3.516E+06  2.459E+05  8.513E+06
  206.0  1.944E+09  2.663E+09  2.073E+08 1.869E-13  895.1  6.523E+06  3.338E+06  2.441E+05  8.411E+06
  207.0  1.902E+09  2.568E+09  1.991E+08 1.809E-13  896.9  6.483E+06  3.170E+06  2.424E+05  8.307E+06
  208.0  1.861E+09  2.476E+09  1.912E+08 1.751E-13  898.5  6.443E+06  3.011E+06  2.407E+05  8.202E+06
  209.0  1.822E+09  2.388E+09  1.836E+08 1.695E-13  900.2  6.405E+06  2.860E+06  2.391E+05  8.096E+06
  210.0  1.783E+09  2.303E+09  1.764E+08 1.642E-13  901.7  6.366E+06  2.717E+06  2.376E+05  7.990E+06
  211.0  1.745E+09  2.221E+09  1.694E+08 1.590E-13  903.3  6.328E+06  2.582E+06  2.361E+05  7.883E+06
  212.0  1.708E+09  2.143E+09  1.628E+08 1.540E-13  904.8  6.291E+06  2.453E+06  2.347E+05  7.775E+06
  213.0  1.672E+09  2.067E+09  1.564E+08 1.492E-13  906.3  6.254E+06  2.332E+06  2.333E+05  7.667E+06
  214.0  1.637E+09  1.995E+09  1.503E+08 1.445E-13  907.7  6.217E+06  2.217E+06  2.320E+05  7.559E+06
  215.0  1.603E+09  1.925E+09  1.445E+08 1.401E-13  909.1  6.181E+06  2.108E+06  2.308E+05  7.451E+06
  216.0  1.570E+09  1.858E+09  1.389E+08 1.358E-13  910.5  6.145E+06  2.004E+06  2.295E+05  7.343E+06
  217.0  1.537E+09  1.793E+09  1.335E+08 1.316E-13  911.8  6.110E+06  1.906E+06  2.284E+05  7.235E+06
  218.0  1.506E+09  1.731E+09  1.283E+08 1.276E-13  913.1  6.075E+06  1.813E+06  2.272E+05  7.128E+06
  219.0  1.475E+09  1.671E+09  1.234E+08 1.237E-13  914.4  6.041E+06  1.724E+06  2.261E+05  7.021E+06
  220.0  1.444E+09  1.613E+09  1.186E+08 1.199E-13  915.7  6.006E+06  1.641E+06  2.251E+05  6.915E+06
  221.0  1.415E+09  1.557E+09  1.140E+08 1.163E-13  916.9  5.973E+06  1.561E+06  2.240E+05  6.809E+06
  222.0  1.386E+09  1.504E+09  1.097E+08 1.128E-13  918.0  5.939E+06  1.485E+06  2.230E+05  6.703E+06
  223.0  1.358E+09  1.452E+09  1.055E+08 1.095E-13  919.2  5.906E+06  1.414E+06  2.221E+05  6.599E+06
  224.0  1.330E+09  1.403E+09  1.014E+08 1.062E-13  920.3  5.874E+06  1.346E+06  2.211E+05  6.495E+06
  225.0  1.304E+09  1.355E+09  9.757E+07 1.031E-13  921.4  5.841E+06  1.281E+06  2.202E+05  6.392E+06
  226.0  1.277E+09  1.309E+09  9.385E+07 1.000E-13  922.5  5.809E+06  1.219E+06  2.194E+05  6.290E+06
  227.0  1.252E+09  1.264E+09  9.029E+07 9.706E-14  923.5  5.777E+06  1.161E+06  2.185E+05  6.190E+06
  228.0  1.227E+09  1.221E+09  8.686E+07 9.422E-14  924.5  5.746E+06  1.106E+06  2.177E+05  6.090E+06
  229.0  1.202E+09  1.180E+09  8.357E+07 9.147E-14  925.5  5.715E+06  1.053E+06  2.169E+05  5.991E+06
  230.0  1.178E+09  1.140E+09  8.041E+07 8.881E-14  926.5  5.684E+06  1.003E+06  2.162E+05  5.893E+06
  231.0  1.155E+09  1.102E+09  7.737E+07 8.623E-14  927.5  5.654E+06  9.551E+05  2.154E+05  5.796E+06
  232.0  1.132E+09  1.065E+09  7.445E+07 8.374E-14  928.4  5.623E+06  9.098E+05  2.147E+05  5.701E+06
  233.0  1.110E+09  1.029E+09  7.165E+07 8.134E-14  929.3  5.593E+06  8.667E+05  2.140E+05  5.606E+06
  234.0  1.088E+09  9.946E+08  6.896E+07 7.900E-14  930.1  5.564E+06  8.257E+05  2.133E+05  5.513E+06
  235.0  1.047E+09  9.909E+08  6.684E+07 7.761E-14  932.0  5.507E+06  7.948E+05  2.397E+05  5.076E+06
  236.0  1.046E+09  9.292E+08  6.388E+07 7.457E-14  931.8  5.505E+06  7.497E+05  2.120E+05  5.331E+06
  237.0  1.025E+09  8.983E+08  6.149E+07 7.245E-14  932.6  5.476E+06  7.145E+05  2.113E+05  5.241E+06
  238.0  1.005E+09  8.684E+08  5.919E+07 7.041E-14  933.4  5.448E+06  6.809E+05  2.107E+05  5.153E+06
  239.0  9.856E+08  8.396E+08  5.698E+07 6.843E-14  934.2  5.419E+06  6.490E+05  2.101E+05  5.066E+06
  240.0  9.664E+08  8.118E+08  5.486E+07 6.651E-14  935.0  5.391E+06  6.187E+05  2.095E+05  4.980E+06
  241.0  9.477E+08  7.849E+08  5.281E+07 6.465E-14  935.7  5.363E+06  5.899E+05  2.090E+05  4.896E+06
  242.0  9.294E+08  7.590E+08  5.085E+07 6.285E-14  936.4  5.336E+06  5.624E+05  2.084E+05  4.813E+06
  243.0  9.114E+08  7.340E+08  4.896E+07 6.110E-14  937.1  5.308E+06  5.362E+05  2.079E+05  4.731E+06
  244.0  8.939E+08  7.098E+08  4.715E+07 5.941E-14  937.8  5.281E+06  5.112E+05  2.074E+05  4.650E+06
  245.0  8.767E+08  6.865E+08  4.540E+07 5.778E-14  938.5  5.254E+06  4.875E+05  2.068E+05  4.571E+06
  246.0  8.598E+08  6.639E+08  4.372E+07 5.619E-14  939.1  5.228E+06  4.649E+05  2.063E+05  4.492E+06
  247.0  8.434E+08  6.422E+08  4.210E+07 5.465E-14  939.8  5.201E+06  4.433E+05  2.058E+05  4.416E+06
  248.0  8.272E+08  6.212E+08  4.055E+07 5.316E-14  940.4  5.175E+06  4.228E+05  2.054E+05  4.340E+06
  249.0  8.114E+08  6.009E+08  3.905E+07 5.171E-14  941.0  5.149E+06  4.033E+05  2.049E+05  4.265E+06
  250.0  7.960E+08  5.813E+08  3.762E+07 5.031E-14  941.6  5.123E+06  3.847E+05  2.044E+05  4.192E+06
  251.0  7.808E+08  5.623E+08  3.623E+07 4.895E-14  942.2  5.097E+06  3.669E+05  2.040E+05  4.120E+06
  252.0  7.660E+08  5.440E+08  3.490E+07 4.764E-14  942.7  5.072E+06  3.501E+05  2.035E+05  4.049E+06
  253.0  7.515E+08  5.263E+08  3.362E+07 4.636E-14  943.3  5.046E+06  3.340E+05  2.031E+05  3.980E+06
  254.0  7.372E+08  5.092E+08  3.239E+07 4.512E-14  943.8  5.021E+06  3.186E+05  2.027E+05  3.911E+06
  255.0  7.233E+08  4.927E+08  3.120E+07 4.391E-14  944.3  4.996E+06  3.040E+05  2.022E+05  3.844E+06
  256.0  7.097E+08  4.768E+08  3.006E+07 4.275E-14  944.8  4.972E+06  2.901E+05  2.018E+05  3.778E+06
  257.0  6.963E+08  4.613E+08  2.896E+07 4.161E-14  945.3  4.947E+06  2.768E+05  2.014E+05  3.713E+06
  258.0  6.832E+08  4.464E+08  2.790E+07 4.051E-14  945.8  4.923E+06  2.642E+05  2.010E+05  3.649E+06
  259.0  6.703E+08  4.320E+08  2.688E+07 3.945E-14  946.3  4.899E+06  2.521E+05  2.006E+05  3.587E+06
  260.0  6.578E+08  4.181E+08  2.590E+07 3.841E-14  946.7  4.875E+06  2.406E+05  2.003E+05  3.525E+06
  261.0  6.454E+08  4.046E+08  2.496E+07 3.740E-14  947.2  4.851E+06  2.296E+05  1.999E+05  3.464E+06
  262.0  6.334E+08  3.916E+08  2.405E+07 3.643E-14  947.6  4.827E+06  2.192E+05  1.995E+05  3.405E+06
  263.0  6.215E+08  3.790E+08  2.318E+07 3.548E-14  948.1  4.804E+06  2.092E+05  1.992E+05  3.346E+06
  264.0  6.099E+08  3.669E+08  2.233E+07 3.456E-14  948.5  4.780E+06  1.997E+05  1.988E+05  3.289E+06
  265.0  5.986E+08  3.551E+08  2.152E+07 3.367E-14  948.9  4.757E+06  1.907E+05  1.984E+05  3.233E+06
  266.0  5.874E+08  3.437E+08  2.074E+07 3.280E-14  949.3  4.734E+06  1.820E+05  1.981E+05  3.177E+06
  267.0  5.765E+08  3.327E+08  1.999E+07 3.196E-14  949.7  4.711E+06  1.738E+05  1.977E+05  3.123E+06
  268.0  5.658E+08  3.221E+08  1.927E+07 3.114E-14  950.1  4.688E+06  1.659E+05  1.974E+05  3.069E+06
  269.0  5.553E+08  3.118E+08  1.857E+07 3.034E-14  950.4  4.666E+06  1.584E+05  1.971E+05  3.017E+06
  270.0  5.450E+08  3.019E+08  1.790E+07 2.957E-14  950.8  4.644E+06  1.512E+05  1.967E+05  2.965E+06
  271.0  5.349E+08  2.922E+08  1.725E+07 2.882E-14  951.1  4.621E+06  1.444E+05  1.964E+05  2.915E+06
  272.0  5.251E+08  2.829E+08  1.663E+07 2.809E-14  951.5  4.599E+06  1.379E+05  1.961E+05  2.865E+06
  273.0  5.154E+08  2.739E+08  1.603E+07 2.738E-14  951.8  4.577E+06  1.317E+05  1.958E+05  2.816E+06
  274.0  5.059E+08  2.652E+08  1.545E+07 2.669E-14  952.1  4.555E+06  1.258E+05  1.955E+05  2.768E+06
  275.0  4.965E+08  2.568E+08  1.489E+07 2.602E-14  952.5  4.534E+06  1.201E+05  1.952E+05  2.721E+06
  276.0  4.874E+08  2.487E+08  1.436E+07 2.537E-14  952.8  4.512E+06  1.147E+05  1.949E+05  2.675E+06
  277.0  4.784E+08  2.408E+08  1.384E+07 2.473E-14  953.1  4.491E+06  1.096E+05  1.946E+05  2.630E+06
  278.0  4.697E+08  2.332E+08  1.334E+07 2.412E-14  953.4  4.469E+06  1.046E+05  1.943E+05  2.585E+06
  279.0  4.610E+08  2.258E+08  1.286E+07 2.352E-14  953.7  4.448E+06  9.996E+04  1.940E+05  2.541E+06
  280.0  4.526E+08  2.186E+08  1.240E+07 2.294E-14  953.9  4.427E+06  9.548E+04  1.937E+05  2.498E+06
  281.0  4.443E+08  2.117E+08  1.196E+07 2.237E-14  954.2  4.406E+06  9.121E+04  1.934E+05  2.456E+06
  282.0  4.362E+08  2.050E+08  1.153E+07 2.182E-14  954.5  4.386E+06  8.713E+04  1.931E+05  2.415E+06
  283.0  4.282E+08  1.986E+08  1.112E+07 2.128E-14  954.8  4.365E+06  8.323E+04  1.928E+05  2.374E+06
  284.0  4.204E+08  1.923E+08  1.072E+07 2.076E-14  955.0  4.345E+06  7.951E+04  1.925E+05  2.334E+06
  285.0  4.127E+08  1.863E+08  1.033E+07 2.026E-14  955.3  4.324E+06  7.597E+04  1.923E+05  2.295E+06
  286.0  4.052E+08  1.804E+08  9.965E+06 1.976E-14  955.5  4.304E+06  7.258E+04  1.920E+05  2.256E+06
  287.0  3.978E+08  1.747E+08  9.609E+06 1.928E-14  955.7  4.284E+06  6.934E+04  1.917E+05  2.218E+06
  288.0  3.906E+08  1.692E+08  9.266E+06 1.882E-14  956.0  4.264E+06  6.625E+04  1.914E+05  2.181E+06
  289.0  3.835E+08  1.639E+08  8.935E+06 1.836E-14  956.2  4.244E+06  6.331E+04  1.912E+05  2.145E+06
  290.0  3.765E+08  1.588E+08  8.617E+06 1.792E-14  956.4  4.224E+06  6.049E+04  1.909E+05  2.109E+06
  291.0  3.697E+08  1.538E+08  8.310E+06 1.749E-14  956.6  4.205E+06  5.780E+04  1.906E+05  2.074E+06
  292.0  3.630E+08  1.490E+08  8.014E+06 1.707E-14  956.9  4.185E+06  5.523E+04  1.904E+05  2.039E+06
  293.0  3.564E+08  1.443E+08  7.728E+06 1.666E-14  957.1  4.166E+06  5.278E+04  1.901E+05  2.005E+06
  294.0  3.500E+08  1.398E+08  7.453E+06 1.627E-14  957.3  4.146E+06  5.044E+04  1.899E+05  1.972E+06
  295.0  3.436E+08  1.354E+08  7.188E+06 1.588E-14  957.5  4.127E+06  4.820E+04  1.896E+05  1.939E+06
  296.0  3.374E+08  1.312E+08  6.933E+06 1.550E-14  957.6  4.108E+06  4.607E+04  1.893E+05  1.907E+06
  297.0  3.313E+08  1.271E+08  6.686E+06 1.514E-14  957.8  4.089E+06  4.403E+04  1.891E+05  1.875E+06
  298.0  3.254E+08  1.231E+08  6.449E+06 1.478E-14  958.0  4.070E+06  4.208E+04  1.888E+05  1.844E+06
  299.0  3.195E+08  1.193E+08  6.220E+06 1.443E-14  958.2  4.052E+06  4.022E+04  1.886E+05  1.814E+06
  300.0  3.137E+08  1.155E+08  6.000E+06 1.409E-14  958.4  4.033E+06  3.844E+04  1.884E+05  1.784E+06
  301.0  3.081E+08  1.119E+08  5.787E+06 1.376E-14  958.5  4.014E+06  3.674E+04  1.881E+05  1.755E+06
  302.0  3.025E+08  1.085E+08  5.582E+06 1.344E-14  958.7  3.996E+06  3.512E+04  1.879E+05  1.726E+06
  303.0  2.971E+08  1.051E+08  5.384E+06 1.313E-14  958.9  3.978E+06  3.357E+04  1.876E+05  1.698E+06
  304.0  2.917E+08  1.018E+08  5.194E+06 1.282E-14  959.0  3.959E+06  3.209E+04  1.874E+05  1.670E+06
  305.0  2.865E+08  9.865E+07  5.010E+06 1.253E-14  959.2  3.941E+06  3.067E+04  1.871E+05  1.642E+06
  306.0  2.814E+08  9.558E+07  4.833E+06 1.224E-14  959.3  3.923E+06  2.932E+04  1.869E+05  1.615E+06
  307.0  2.763E+08  9.261E+07  4.662E+06 1.196E-14  959.5  3.905E+06  2.803E+04  1.867E+05  1.589E+06
  308.0  2.714E+08  8.974E+07  4.497E+06 1.168E-14  959.6  3.887E+06  2.680E+04  1.864E+05  1.563E+06
  309.0  2.665E+08  8.695E+07  4.339E+06 1.141E-14  959.8  3.870E+06  2.562E+04  1.862E+05  1.537E+06
  310.0  2.617E+08  8.426E+07  4.185E+06 1.115E-14  959.9  3.852E+06  2.449E+04  1.860E+05  1.512E+06
  311.0  2.571E+08  8.165E+07  4.038E+06 1.090E-14  960.0  3.835E+06  2.342E+04  1.857E+05  1.488E+06
  312.0  2.525E+08  7.912E+07  3.896E+06 1.065E-14  960.2  3.817E+06  2.239E+04  1.855E+05  1.463E+06
  313.0  2.479E+08  7.667E+07  3.758E+06 1.041E-14  960.3  3.800E+06  2.140E+04  1.853E+05  1.440E+06
  314.0  2.435E+08  7.429E+07  3.626E+06 1.017E-14  960.4  3.783E+06  2.047E+04  1.850E+05  1.416E+06
  315.0  2.392E+08  7.200E+07  3.498E+06 9.944E-15  960.5  3.765E+06  1.957E+04  1.848E+05  1.393E+06
  316.0  2.349E+08  6.977E+07  3.375E+06 9.720E-15  960.6  3.748E+06  1.871E+04  1.846E+05  1.371E+06
  317.0  2.307E+08  6.762E+07  3.256E+06 9.501E-15  960.8  3.731E+06  1.789E+04  1.844E+05  1.348E+06
  318.0  2.266E+08  6.553E+07  3.142E+06 9.288E-15  960.9  3.714E+06  1.711E+04  1.841E+05  1.327E+06
  319.0  2.226E+08  6.351E+07  3.032E+06 9.081E-15  961.0  3.698E+06  1.636E+04  1.839E+05  1.305E+06
  320.0  2.186E+08  6.155E+07  2.925E+06 8.878E-15  961.1  3.681E+06  1.564E+04  1.837E+05  1.284E+06
  321.0  2.147E+08  5.965E+07  2.822E+06 8.681E-15  961.2  3.664E+06  1.496E+04  1.833E+05  1.263E+06
  322.0  2.109E+08  5.781E+07  2.723E+06 8.488E-15  961.3  3.648E+06  1.430E+04  1.831E+05  1.243E+06
  323.0  2.072E+08  5.603E+07  2.628E+06 8.300E-15  961.4  3.631E+06  1.368E+04  1.829E+05  1.223E+06
  324.0  2.035E+08  5.430E+07  2.536E+06 8.117E-15  961.5  3.615E+06  1.308E+04  1.827E+05  1.203E+06
  325.0  1.999E+08  5.263E+07  2.447E+06 7.938E-15  961.6  3.599E+06  1.251E+04  1.825E+05  1.184E+06
  326.0  1.963E+08  5.101E+07  2.361E+06 7.763E-15  961.7  3.582E+06  1.197E+04  1.823E+05  1.165E+06
  327.0  1.929E+08  4.945E+07  2.278E+06 7.593E-15  961.8  3.566E+06  1.144E+04  1.820E+05  1.146E+06
  328.0  1.894E+08  4.793E+07  2.199E+06 7.427E-15  961.9  3.550E+06  1.094E+04  1.818E+05  1.128E+06
  329.0  1.861E+08  4.645E+07  2.122E+06 7.264E-15  961.9  3.534E+06  1.047E+04  1.816E+05  1.110E+06
  330.0  1.828E+08  4.503E+07  2.048E+06 7.106E-15  962.0  3.519E+06  1.001E+04  1.814E+05  1.092E+06
  331.0  1.796E+08  4.365E+07  1.976E+06 6.952E-15  962.1  3.503E+06  9.576E+03  1.812E+05  1.075E+06
  332.0  1.764E+08  4.231E+07  1.907E+06 6.801E-15  962.2  3.487E+06  9.159E+03  1.810E+05  1.058E+06
  333.0  1.733E+08  4.101E+07  1.840E+06 6.654E-15  962.3  3.471E+06  8.761E+03  1.808E+05  1.041E+06
  334.0  1.702E+08  3.975E+07  1.776E+06 6.510E-15  962.3  3.456E+06  8.380E+03  1.806E+05  1.024E+06
  335.0  1.672E+08  3.853E+07  1.714E+06 6.370E-15  962.4  3.440E+06  8.016E+03  1.804E+05  1.008E+06
  336.0  1.642E+08  3.735E+07  1.654E+06 6.233E-15  962.5  3.425E+06  7.668E+03  1.802E+05  9.919E+05
  337.0  1.613E+08  3.621E+07  1.597E+06 6.099E-15  962.6  3.410E+06  7.335E+03  1.799E+05  9.762E+05
  338.0  1.585E+08  3.510E+07  1.541E+06 5.969E-15  962.6  3.395E+06  7.016E+03  1.797E+05  9.607E+05
  339.0  1.557E+08  3.403E+07  1.487E+06 5.841E-15  962.7  3.379E+06  6.712E+03  1.795E+05  9.455E+05
  340.0  1.530E+08  3.299E+07  1.435E+06 5.717E-15  962.8  3.364E+06  6.421E+03  1.793E+05  9.305E+05
  341.0  1.503E+08  3.198E+07  1.385E+06 5.596E-15  962.8  3.349E+06  6.142E+03  1.791E+05  9.158E+05
  342.0  1.476E+08  3.100E+07  1.337E+06 5.477E-15  962.9  3.334E+06  5.876E+03  1.789E+05  9.013E+05
  343.0  1.450E+08  3.006E+07  1.291E+06 5.361E-15  962.9  3.320E+06  5.622E+03  1.787E+05  8.871E+05
  344.0  1.425E+08  2.914E+07  1.246E+06 5.248E-15  963.0  3.305E+06  5.378E+03  1.785E+05  8.731E+05
  345.0  1.400E+08  2.825E+07  1.202E+06 5.137E-15  963.1  3.290E+06  5.145E+03  1.783E+05  8.594E+05
  346.0  1.375E+08  2.739E+07  1.161E+06 5.029E-15  963.1  3.276E+06  4.923E+03  1.781E+05  8.458E+05
  347.0  1.351E+08  2.655E+07  1.120E+06 4.924E-15  963.2  3.261E+06  4.710E+03  1.779E+05  8.325E+05
  348.0  1.327E+08  2.574E+07  1.081E+06 4.821E-15  963.2  3.247E+06  4.506E+03  1.777E+05  8.195E+05
  349.0  1.304E+08  2.496E+07  1.044E+06 4.720E-15  963.3  3.232E+06  4.311E+03  1.775E+05  8.066E+05
  350.0  1.281E+08  2.420E+07  1.008E+06 4.621E-15  963.3  3.218E+06  4.125E+03  1.773E+05  7.939E+05
  351.0  1.259E+08  2.346E+07  9.727E+05 4.525E-15  963.4  3.204E+06  3.947E+03  1.771E+05  7.815E+05
  352.0  1.237E+08  2.275E+07  9.390E+05 4.431E-15  963.4  3.189E+06  3.777E+03  1.769E+05  7.692E+05
  353.0  1.215E+08  2.206E+07  9.064E+05 4.339E-15  963.5  3.175E+06  3.614E+03  1.767E+05  7.572E+05
  354.0  1.194E+08  2.139E+07  8.750E+05 4.250E-15  963.5  3.161E+06  3.458E+03  1.765E+05  7.454E+05
  355.0  1.173E+08  2.074E+07  8.447E+05 4.162E-15  963.6  3.147E+06  3.309E+03  1.763E+05  7.337E+05
  356.0  1.152E+08  2.011E+07  8.155E+05 4.076E-15  963.6  3.133E+06  3.166E+03  1.761E+05  7.223E+05
  357.0  1.132E+08  1.950E+07  7.872E+05 3.993E-15  963.7  3.119E+06  3.029E+03  1.759E+05  7.110E+05
  358.0  1.112E+08  1.890E+07  7.600E+05 3.911E-15  963.7  3.106E+06  2.899E+03  1.757E+05  6.999E+05
  359.0  1.093E+08  1.833E+07  7.337E+05 3.831E-15  963.8  3.092E+06  2.774E+03  1.755E+05  6.890E+05
  360.0  1.074E+08  1.777E+07  7.083E+05 3.752E-15  963.8  3.078E+06  2.655E+03  1.753E+05  6.783E+05
  361.0  1.055E+08  1.723E+07  6.839E+05 3.676E-15  963.8  3.065E+06  2.540E+03  1.751E+05  6.677E+05
  362.0  1.037E+08  1.671E+07  6.602E+05 3.601E-15  963.9  3.051E+06  2.431E+03  1.749E+05  6.573E+05
  363.0  1.019E+08  1.621E+07  6.374E+05 3.528E-15  963.9  3.038E+06  2.327E+03  1.747E+05  6.471E+05
  364.0  1.001E+08  1.571E+07  6.154E+05 3.457E-15  964.0  3.024E+06  2.227E+03  1.745E+05  6.371E+05
  365.0  9.833E+07  1.524E+07  5.942E+05 3.387E-15  964.0  3.011E+06  2.131E+03  1.743E+05  6.272E+05
  366.0  9.662E+07  1.478E+07  5.737E+05 3.318E-15  964.0  2.998E+06  2.039E+03  1.741E+05  6.175E+05
  367.0  9.494E+07  1.433E+07  5.539E+05 3.251E-15  964.1  2.985E+06  1.952E+03  1.739E+05  6.079E+05
  368.0  9.328E+07  1.390E+07  5.348E+05 3.186E-15  964.1  2.972E+06  1.868E+03  1.737E+05  5.985E+05
  369.0  9.166E+07  1.348E+07  5.163E+05 3.122E-15  964.1  2.958E+06  1.788E+03  1.735E+05  5.892E+05
  370.0  9.006E+07  1.307E+07  4.986E+05 3.059E-15  964.2  2.945E+06  1.711E+03  1.733E+05  5.801E+05
  371.0  8.850E+07  1.267E+07  4.814E+05 2.998E-15  964.2  2.933E+06  1.638E+03  1.732E+05  5.712E+05
  372.0  8.696E+07  1.229E+07  4.648E+05 2.938E-15  964.2  2.920E+06  1.568E+03  1.730E+05  5.624E+05
  373.0  8.545E+07  1.192E+07  4.488E+05 2.880E-15  964.2  2.907E+06  1.500E+03  1.728E+05  5.537E+05
  374.0  8.396E+07  1.156E+07  4.334E+05 2.823E-15  964.3  2.894E+06  1.436E+03  1.726E+05  5.451E+05
  375.0  8.250E+07  1.121E+07  4.184E+05 2.767E-15  964.3  2.881E+06  1.375E+03  1.724E+05  5.367E+05
  376.0  8.107E+07  1.087E+07  4.041E+05 2.712E-15  964.3  2.869E+06  1.316E+03  1.722E+05  5.285E+05
  377.0  7.966E+07  1.055E+07  3.902E+05 2.658E-15  964.4  2.856E+06  1.260E+03  1.720E+05  5.203E+05
  378.0  7.828E+07  1.023E+07  3.768E+05 2.606E-15  964.4  2.844E+06  1.206E+03  1.718E+05  5.123E+05
  379.0  7.692E+07  9.919E+06  3.638E+05 2.554E-15  964.4  2.831E+06  1.154E+03  1.716E+05  5.045E+05
  380.0  7.559E+07  9.620E+06  3.513E+05 2.504E-15  964.4  2.819E+06  1.105E+03  1.714E+05  4.967E+05
  381.0  7.428E+07  9.331E+06  3.393E+05 2.455E-15  964.5  2.807E+06  1.058E+03  1.712E+05  4.891E+05
  382.0  7.299E+07  9.050E+06  3.276E+05 2.407E-15  964.5  2.794E+06  1.012E+03  1.711E+05  4.816E+05
  383.0  7.173E+07  8.777E+06  3.164E+05 2.360E-15  964.5  2.782E+06  9.691E+02  1.709E+05  4.742E+05
  384.0  7.049E+07  8.513E+06  3.055E+05 2.314E-15  964.5  2.770E+06  9.277E+02  1.707E+05  4.669E+05
  385.0  6.811E+07  8.538E+06  2.982E+05 2.250E-15  964.8  2.747E+06  9.010E+02  1.924E+05  4.296E+05
  386.0  6.807E+07  8.009E+06  2.849E+05 2.224E-15  964.6  2.746E+06  8.502E+02  1.703E+05  4.527E+05
  387.0  6.689E+07  7.768E+06  2.752E+05 2.181E-15  964.6  2.734E+06  8.140E+02  1.701E+05  4.458E+05
  388.0  6.573E+07  7.535E+06  2.657E+05 2.139E-15  964.6  2.722E+06  7.793E+02  1.699E+05  4.390E+05
  389.0  6.460E+07  7.309E+06  2.566E+05 2.097E-15  964.6  2.710E+06  7.460E+02  1.697E+05  4.323E+05
  390.0  6.348E+07  7.089E+06  2.479E+05 2.057E-15  964.7  2.698E+06  7.143E+02  1.695E+05  4.257E+05
  391.0  6.239E+07  6.876E+06  2.394E+05 2.017E-15  964.7  2.687E+06  6.838E+02  1.694E+05  4.192E+05
  392.0  6.131E+07  6.670E+06  2.312E+05 1.978E-15  964.7  2.675E+06  6.547E+02  1.692E+05  4.128E+05
  393.0  6.025E+07  6.470E+06  2.233E+05 1.940E-15  964.7  2.663E+06  6.268E+02  1.690E+05  4.065E+05
  394.0  5.921E+07  6.276E+06  2.156E+05 1.903E-15  964.7  2.652E+06  6.002E+02  1.688E+05  4.003E+05
  395.0  5.819E+07  6.088E+06  2.083E+05 1.867E-15  964.8  2.640E+06  5.746E+02  1.686E+05  3.942E+05
  396.0  5.719E+07  5.905E+06  2.012E+05 1.831E-15  964.8  2.629E+06  5.502E+02  1.684E+05  3.882E+05
  397.0  5.620E+07  5.728E+06  1.943E+05 1.796E-15  964.8  2.617E+06  5.268E+02  1.682E+05  3.823E+05
  398.0  5.523E+07  5.557E+06  1.877E+05 1.762E-15  964.8  2.606E+06  5.044E+02  1.681E+05  3.764E+05
  399.0  5.428E+07  5.390E+06  1.812E+05 1.728E-15  964.8  2.595E+06  4.830E+02  1.679E+05  3.707E+05
  400.0  5.334E+07  5.229E+06  1.751E+05 1.695E-15  964.8  2.583E+06  4.625E+02  1.677E+05  3.651E+05
  401.0  5.243E+07  5.073E+06  1.691E+05 1.663E-15  964.9  2.572E+06  4.428E+02  1.675E+05  3.595E+05
  402.0  5.152E+07  4.921E+06  1.633E+05 1.631E-15  964.9  2.561E+06  4.240E+02  1.673E+05  3.541E+05
  403.0  5.064E+07  4.774E+06  1.578E+05 1.601E-15  964.9  2.550E+06  4.060E+02  1.671E+05  3.487E+05
  404.0  4.977E+07  4.631E+06  1.524E+05 1.570E-15  964.9  2.539E+06  3.888E+02  1.670E+05  3.434E+05
  405.0  4.891E+07  4.493E+06  1.472E+05 1.541E-15  964.9  2.528E+06  3.723E+02  1.668E+05  3.382E+05
  406.0  4.807E+07  4.359E+06  1.422E+05 1.512E-15  964.9  2.517E+06  3.565E+02  1.666E+05  3.331E+05
  407.0  4.724E+07  4.228E+06  1.373E+05 1.483E-15  964.9  2.506E+06  3.414E+02  1.664E+05  3.280E+05
  408.0  4.643E+07  4.102E+06  1.327E+05 1.455E-15  965.0  2.495E+06  3.270E+02  1.662E+05  3.231E+05
  409.0  4.564E+07  3.980E+06  1.281E+05 1.428E-15  965.0  2.484E+06  3.131E+02  1.661E+05  3.182E+05
  410.0  4.485E+07  3.861E+06  1.238E+05 1.401E-15  965.0  2.474E+06  2.998E+02  1.659E+05  3.134E+05
  411.0  4.408E+07  3.746E+06  1.196E+05 1.375E-15  965.0  2.463E+06  2.872E+02  1.657E+05  3.086E+05
  412.0  4.333E+07  3.634E+06  1.155E+05 1.349E-15  965.0  2.452E+06  2.750E+02  1.655E+05  3.040E+05
  413.0  4.258E+07  3.526E+06  1.116E+05 1.324E-15  965.0  2.442E+06  2.634E+02  1.653E+05  2.994E+05
  414.0  4.185E+07  3.421E+06  1.078E+05 1.300E-15  965.0  2.431E+06  2.522E+02  1.652E+05  2.949E+05
  415.0  4.114E+07  3.319E+06  1.041E+05 1.275E-15  965.0  2.421E+06  2.416E+02  1.650E+05  2.904E+05
  416.0  4.043E+07  3.220E+06  1.006E+05 1.252E-15  965.1  2.410E+06  2.314E+02  1.648E+05  2.860E+05
  417.0  3.974E+07  3.124E+06  9.718E+04 1.229E-15  965.1  2.400E+06  2.216E+02  1.646E+05  2.817E+05
  418.0  3.906E+07  3.031E+06  9.388E+04 1.206E-15  965.1  2.389E+06  2.122E+02  1.644E+05  2.775E+05
  419.0  3.839E+07  2.941E+06  9.070E+04 1.184E-15  965.1  2.379E+06  2.033E+02  1.643E+05  2.733E+05
  420.0  3.773E+07  2.854E+06  8.762E+04 1.162E-15  965.1  2.369E+06  1.947E+02  1.641E+05  2.692E+05
  421.0  3.709E+07  2.769E+06  8.465E+04 1.140E-15  965.1  2.359E+06  1.865E+02  1.639E+05  2.651E+05
  422.0  3.645E+07  2.686E+06  8.178E+04 1.119E-15  965.1  2.349E+06  1.786E+02  1.637E+05  2.611E+05
  423.0  3.583E+07  2.607E+06  7.901E+04 1.099E-15  965.1  2.338E+06  1.711E+02  1.636E+05  2.572E+05
  424.0  3.522E+07  2.529E+06  7.633E+04 1.079E-15  965.1  2.328E+06  1.639E+02  1.634E+05  2.533E+05
  425.0  3.462E+07  2.454E+06  7.375E+04 1.059E-15  965.1  2.318E+06  1.569E+02  1.632E+05  2.495E+05
  426.0  3.403E+07  2.381E+06  7.125E+04 1.040E-15  965.1  2.308E+06  1.503E+02  1.630E+05  2.458E+05
  427.0  3.345E+07  2.310E+06  6.884E+04 1.021E-15  965.2  2.298E+06  1.440E+02  1.628E+05  2.421E+05
  428.0  3.287E+07  2.242E+06  6.651E+04 1.002E-15  965.2  2.289E+06  1.379E+02  1.627E+05  2.384E+05
  429.0  3.231E+07  2.175E+06  6.426E+04 9.836E-16  965.2  2.279E+06  1.321E+02  1.625E+05  2.349E+05
  430.0  3.176E+07  2.111E+06  6.209E+04 9.657E-16  965.2  2.269E+06  1.266E+02  1.623E+05  2.313E+05
  431.0  3.122E+07  2.048E+06  5.999E+04 9.482E-16  965.2  2.259E+06  1.212E+02  1.621E+05  2.279E+05
  432.0  3.069E+07  1.988E+06  5.796E+04 9.310E-16  965.2  2.250E+06  1.161E+02  1.620E+05  2.245E+05
  433.0  3.017E+07  1.929E+06  5.600E+04 9.141E-16  965.2  2.240E+06  1.113E+02  1.618E+05  2.211E+05
  434.0  2.965E+07  1.872E+06  5.411E+04 8.976E-16  965.2  2.230E+06  1.066E+02  1.616E+05  2.178E+05
  435.0  2.915E+07  1.816E+06  5.229E+04 8.813E-16  965.2  2.221E+06  1.021E+02  1.614E+05  2.145E+05
  436.0  2.865E+07  1.762E+06  5.052E+04 8.654E-16  965.2  2.211E+06  9.781E+01  1.613E+05  2.113E+05
  437.0  2.816E+07  1.710E+06  4.882E+04 8.498E-16  965.2  2.202E+06  9.370E+01  1.611E+05  2.082E+05
  438.0  2.768E+07  1.660E+06  4.717E+04 8.345E-16  965.2  2.192E+06  8.977E+01  1.609E+05  2.050E+05
  439.0  2.721E+07  1.611E+06  4.558E+04 8.195E-16  965.2  2.183E+06  8.600E+01  1.608E+05  2.020E+05
  440.0  2.675E+07  1.563E+06  4.404E+04 8.048E-16  965.2  2.174E+06  8.239E+01  1.606E+05  1.990E+05
  441.0  2.630E+07  1.517E+06  4.256E+04 7.904E-16  965.3  2.164E+06  7.894E+01  1.604E+05  1.960E+05
  442.0  2.585E+07  1.472E+06  4.112E+04 7.762E-16  965.3  2.155E+06  7.563E+01  1.602E+05  1.931E+05
  443.0  2.541E+07  1.429E+06  3.974E+04 7.623E-16  965.3  2.146E+06  7.246E+01  1.601E+05  1.902E+05
  444.0  2.498E+07  1.386E+06  3.840E+04 7.487E-16  965.3  2.137E+06  6.942E+01  1.599E+05  1.873E+05
  445.0  2.455E+07  1.345E+06  3.711E+04 7.353E-16  965.3  2.127E+06  6.651E+01  1.597E+05  1.846E+05
  446.0  2.414E+07  1.306E+06  3.586E+04 7.222E-16  965.3  2.118E+06  6.372E+01  1.595E+05  1.818E+05
  447.0  2.373E+07  1.267E+06  3.465E+04 7.094E-16  965.3  2.109E+06  6.106E+01  1.594E+05  1.791E+05
  448.0  2.332E+07  1.230E+06  3.349E+04 6.968E-16  965.3  2.100E+06  5.850E+01  1.592E+05  1.764E+05
  449.0  2.293E+07  1.194E+06  3.236E+04 6.844E-16  965.3  2.091E+06  5.605E+01  1.590E+05  1.738E+05
  450.0  2.254E+07  1.158E+06  3.127E+04 6.723E-16  965.3  2.082E+06  5.371E+01  1.589E+05  1.712E+05
  451.0  2.216E+07  1.124E+06  3.022E+04 6.603E-16  965.3  2.074E+06  5.146E+01  1.587E+05  1.684E+05
  452.0  2.178E+07  1.091E+06  2.921E+04 6.487E-16  965.3  2.065E+06  4.931E+01  1.585E+05  1.659E+05
  453.0  2.141E+07  1.059E+06  2.823E+04 6.372E-16  965.3  2.056E+06  4.725E+01  1.584E+05  1.634E+05
  454.0  2.105E+07  1.028E+06  2.728E+04 6.260E-16  965.3  2.047E+06  4.527E+01  1.582E+05  1.610E+05
  455.0  2.070E+07  9.976E+05  2.636E+04 6.149E-16  965.3  2.038E+06  4.338E+01  1.580E+05  1.586E+05
  456.0  2.035E+07  9.683E+05  2.548E+04 6.041E-16  965.3  2.030E+06  4.157E+01  1.578E+05  1.563E+05
  457.0  2.000E+07  9.398E+05  2.462E+04 5.935E-16  965.3  2.021E+06  3.983E+01  1.577E+05  1.540E+05
  458.0  1.966E+07  9.121E+05  2.380E+04 5.831E-16  965.3  2.012E+06  3.817E+01  1.575E+05  1.517E+05
  459.0  1.933E+07  8.853E+05  2.300E+04 5.728E-16  965.3  2.004E+06  3.658E+01  1.573E+05  1.494E+05
  460.0  1.900E+07  8.593E+05  2.223E+04 5.628E-16  965.3  1.995E+06  3.505E+01  1.572E+05  1.472E+05
  461.0  1.868E+07  8.341E+05  2.149E+04 5.529E-16  965.3  1.987E+06  3.359E+01  1.570E+05  1.450E+05
  462.0  1.837E+07  8.096E+05  2.077E+04 5.433E-16  965.4  1.978E+06  3.219E+01  1.568E+05  1.429E+05
  463.0  1.806E+07  7.858E+05  2.007E+04 5.338E-16  965.4  1.970E+06  3.085E+01  1.567E+05  1.408E+05
  464.0  1.775E+07  7.627E+05  1.940E+04 5.245E-16  965.4  1.962E+06  2.956E+01  1.565E+05  1.387E+05
  465.0  1.745E+07  7.404E+05  1.875E+04 5.154E-16  965.4  1.953E+06  2.833E+01  1.563E+05  1.367E+05
  466.0  1.716E+07  7.186E+05  1.812E+04 5.064E-16  965.4  1.945E+06  2.715E+01  1.562E+05  1.346E+05
  467.0  1.687E+07  6.976E+05  1.752E+04 4.976E-16  965.4  1.937E+06  2.602E+01  1.560E+05  1.326E+05
  468.0  1.658E+07  6.771E+05  1.693E+04 4.889E-16  965.4  1.929E+06  2.494E+01  1.558E+05  1.307E+05
  469.0  1.630E+07  6.573E+05  1.636E+04 4.805E-16  965.4  1.920E+06  2.390E+01  1.557E+05  1.288E+05
  470.0  1.603E+07  6.380E+05  1.582E+04 4.722E-16  965.4  1.912E+06  2.291E+01  1.555E+05  1.269E+05
  471.0  1.576E+07  6.193E+05  1.529E+04 4.640E-16  965.4  1.904E+06  2.196E+01  1.553E+05  1.250E+05
  472.0  1.549E+07  6.012E+05  1.478E+04 4.560E-16  965.4  1.896E+06  2.104E+01  1.552E+05  1.231E+05
  473.0  1.523E+07  5.836E+05  1.429E+04 4.481E-16  965.4  1.888E+06  2.017E+01  1.550E+05  1.213E+05
  474.0  1.498E+07  5.665E+05  1.381E+04 4.404E-16  965.4  1.880E+06  1.933E+01  1.548E+05  1.195E+05
  475.0  1.473E+07  5.499E+05  1.335E+04 4.328E-16  965.4  1.872E+06  1.853E+01  1.547E+05  1.178E+05
  476.0  1.448E+07  5.338E+05  1.290E+04 4.254E-16  965.4  1.864E+06  1.776E+01  1.545E+05  1.160E+05
  477.0  1.423E+07  5.182E+05  1.247E+04 4.180E-16  965.4  1.856E+06  1.702E+01  1.544E+05  1.143E+05
  478.0  1.399E+07  5.031E+05  1.206E+04 4.109E-16  965.4  1.848E+06  1.631E+01  1.542E+05  1.126E+05
  479.0  1.376E+07  4.884E+05  1.165E+04 4.038E-16  965.4  1.841E+06  1.564E+01  1.540E+05  1.110E+05
  480.0  1.353E+07  4.741E+05  1.127E+04 3.969E-16  965.4  1.833E+06  1.499E+01  1.539E+05  1.094E+05
  481.0  1.330E+07  4.603E+05  1.089E+04 3.901E-16  965.4  1.825E+06  1.437E+01  1.537E+05  1.077E+05
  482.0  1.308E+07  4.468E+05  1.053E+04 3.835E-16  965.4  1.817E+06  1.377E+01  1.535E+05  1.062E+05
  483.0  1.286E+07  4.338E+05  1.018E+04 3.769E-16  965.4  1.810E+06  1.320E+01  1.534E+05  1.046E+05
  484.0  1.264E+07  4.211E+05  9.840E+03 3.705E-16  965.4  1.802E+06  1.265E+01  1.532E+05  1.031E+05
  485.0  1.243E+07  4.088E+05  9.512E+03 3.642E-16  965.4  1.794E+06  1.213E+01  1.531E+05  1.015E+05
  486.0  1.222E+07  3.969E+05  9.196E+03 3.580E-16  965.4  1.787E+06  1.163E+01  1.529E+05  1.001E+05
  487.0  1.202E+07  3.853E+05  8.890E+03 3.519E-16  965.4  1.779E+06  1.115E+01  1.527E+05  9.859E+04
  488.0  1.182E+07  3.741E+05  8.595E+03 3.459E-16  965.4  1.772E+06  1.069E+01  1.526E+05  9.714E+04
  489.0  1.162E+07  3.632E+05  8.309E+03 3.401E-16  965.4  1.764E+06  1.024E+01  1.524E+05  9.571E+04
  490.0  1.142E+07  3.526E+05  8.033E+03 3.343E-16  965.4  1.757E+06  9.820E+00  1.522E+05  9.431E+04
  491.0  1.123E+07  3.424E+05  7.766E+03 3.287E-16  965.4  1.750E+06  9.414E+00  1.521E+05  9.293E+04
  492.0  1.104E+07  3.324E+05  7.508E+03 3.231E-16  965.4  1.742E+06  9.025E+00  1.519E+05  9.156E+04
  493.0  1.086E+07  3.227E+05  7.259E+03 3.177E-16  965.4  1.735E+06  8.653E+00  1.518E+05  9.022E+04
  494.0  1.068E+07  3.133E+05  7.018E+03 3.123E-16  965.4  1.728E+06  8.295E+00  1.516E+05  8.890E+04
  495.0  1.050E+07  3.042E+05  6.785E+03 3.070E-16  965.4  1.720E+06  7.953E+00  1.514E+05  8.760E+04
  496.0  1.032E+07  2.954E+05  6.560E+03 3.019E-16  965.4  1.713E+06  7.624E+00  1.513E+05  8.631E+04
  497.0  1.015E+07  2.868E+05  6.343E+03 2.968E-16  965.4  1.706E+06  7.310E+00  1.511E+05  8.505E+04
  498.0  9.981E+06  2.785E+05  6.133E+03 2.918E-16  965.4  1.699E+06  7.008E+00  1.510E+05  8.380E+04
  499.0  9.814E+06  2.704E+05  5.929E+03 2.869E-16  965.4  1.691E+06  6.719E+00  1.508E+05  8.258E+04
  500.0  9.650E+06  2.625E+05  5.733E+03 2.821E-16  965.4  1.684E+06  6.442E+00  1.506E+05  8.137E+04
  501.0  9.489E+06  2.549E+05  5.543E+03 2.774E-16  965.4  1.677E+06  6.176E+00  1.505E+05  8.018E+04
  502.0  9.330E+06  2.475E+05  5.360E+03 2.728E-16  965.4  1.670E+06  5.922E+00  1.503E+05  7.901E+04
  503.0  9.175E+06  2.403E+05  5.182E+03 2.682E-16  965.5  1.663E+06  5.678E+00  1.502E+05  7.785E+04
  504.0  9.022E+06  2.333E+05  5.011E+03 2.638E-16  965.5  1.656E+06  5.444E+00  1.500E+05  7.671E+04
  505.0  8.871E+06  2.266E+05  4.845E+03 2.594E-16  965.5  1.649E+06  5.220E+00  1.499E+05  7.559E+04
  506.0  8.723E+06  2.200E+05  4.685E+03 2.551E-16  965.5  1.642E+06  5.005E+00  1.497E+05  7.449E+04
  507.0  8.578E+06  2.136E+05  4.530E+03 2.508E-16  965.5  1.635E+06  4.799E+00  1.495E+05  7.340E+04
  508.0  8.435E+06  2.074E+05  4.380E+03 2.466E-16  965.5  1.629E+06  4.602E+00  1.494E+05  7.233E+04
  509.0  8.294E+06  2.014E+05  4.236E+03 2.426E-16  965.5  1.622E+06  4.412E+00  1.492E+05  7.127E+04
  510.0  8.156E+06  1.956E+05  4.096E+03 2.385E-16  965.5  1.615E+06  4.231E+00  1.491E+05  7.024E+04
  511.0  8.021E+06  1.899E+05  3.960E+03 2.346E-16  965.5  1.608E+06  4.057E+00  1.489E+05  6.921E+04
  512.0  7.887E+06  1.844E+05  3.830E+03 2.307E-16  965.5  1.602E+06  3.890E+00  1.488E+05  6.820E+04
  513.0  7.756E+06  1.791E+05  3.703E+03 2.269E-16  965.5  1.595E+06  3.731E+00  1.486E+05  6.721E+04
  514.0  7.627E+06  1.739E+05  3.581E+03 2.232E-16  965.5  1.588E+06  3.577E+00  1.484E+05  6.623E+04
  515.0  7.500E+06  1.689E+05  3.463E+03 2.195E-16  965.5  1.581E+06  3.430E+00  1.483E+05  6.526E+04
  516.0  7.375E+06  1.640E+05  3.349E+03 2.159E-16  965.5  1.575E+06  3.290E+00  1.481E+05  6.431E+04
  517.0  7.253E+06  1.593E+05  3.238E+03 2.123E-16  965.5  1.568E+06  3.155E+00  1.480E+05  6.338E+04
  518.0  7.132E+06  1.547E+05  3.132E+03 2.089E-16  965.5  1.562E+06  3.025E+00  1.478E+05  6.245E+04
  519.0  7.014E+06  1.502E+05  3.029E+03 2.054E-16  965.5  1.555E+06  2.901E+00  1.477E+05  6.155E+04
  520.0  6.897E+06  1.459E+05  2.929E+03 2.021E-16  965.5  1.549E+06  2.782E+00  1.475E+05  6.065E+04
  521.0  6.783E+06  1.416E+05  2.832E+03 1.988E-16  965.5  1.542E+06  2.668E+00  1.474E+05  5.977E+04
  522.0  6.670E+06  1.376E+05  2.739E+03 1.955E-16  965.5  1.536E+06  2.559E+00  1.472E+05  5.890E+04
  523.0  6.559E+06  1.336E+05  2.649E+03 1.923E-16  965.5  1.529E+06  2.454E+00  1.471E+05  5.804E+04
  524.0  6.451E+06  1.297E+05  2.562E+03 1.892E-16  965.5  1.523E+06  2.354E+00  1.469E+05  5.720E+04
  525.0  6.344E+06  1.260E+05  2.478E+03 1.861E-16  965.5  1.517E+06  2.257E+00  1.467E+05  5.637E+04
  526.0  6.239E+06  1.224E+05  2.396E+03 1.831E-16  965.5  1.510E+06  2.165E+00  1.466E+05  5.555E+04
  527.0  6.135E+06  1.188E+05  2.317E+03 1.801E-16  965.5  1.504E+06  2.076E+00  1.464E+05  5.475E+04
  528.0  6.034E+06  1.154E+05  2.241E+03 1.772E-16  965.5  1.498E+06  1.991E+00  1.463E+05  5.395E+04
  529.0  5.934E+06  1.121E+05  2.168E+03 1.743E-16  965.5  1.492E+06  1.910E+00  1.461E+05  5.317E+04
  530.0  5.835E+06  1.089E+05  2.096E+03 1.715E-16  965.5  1.485E+06  1.832E+00  1.460E+05  5.240E+04
  531.0  5.739E+06  1.057E+05  2.028E+03 1.687E-16  965.5  1.479E+06  1.757E+00  1.458E+05  5.164E+04
  532.0  5.644E+06  1.027E+05  1.961E+03 1.660E-16  965.5  1.473E+06  1.685E+00  1.457E+05  5.089E+04
  533.0  5.550E+06  9.973E+04  1.897E+03 1.633E-16  965.5  1.467E+06  1.616E+00  1.455E+05  5.015E+04
  534.0  5.459E+06  9.686E+04  1.834E+03 1.607E-16  965.5  1.461E+06  1.550E+00  1.454E+05  4.942E+04
  535.0  5.282E+06  9.737E+04  1.795E+03 1.559E-16  965.7  1.449E+06  1.511E+00  1.639E+05  4.553E+04
  536.0  5.280E+06  9.137E+04  1.716E+03 1.555E-16  965.5  1.449E+06  1.426E+00  1.451E+05  4.800E+04
  537.0  5.192E+06  8.874E+04  1.660E+03 1.530E-16  965.5  1.443E+06  1.368E+00  1.449E+05  4.731E+04
  538.0  5.107E+06  8.619E+04  1.606E+03 1.506E-16  965.5  1.437E+06  1.312E+00  1.448E+05  4.662E+04
  539.0  5.022E+06  8.372E+04  1.553E+03 1.482E-16  965.5  1.431E+06  1.259E+00  1.446E+05  4.595E+04
  540.0  4.939E+06  8.131E+04  1.502E+03 1.458E-16  965.5  1.425E+06  1.208E+00  1.445E+05  4.529E+04
  541.0  4.858E+06  7.898E+04  1.453E+03 1.435E-16  965.5  1.419E+06  1.158E+00  1.443E+05  4.463E+04
  542.0  4.778E+06  7.671E+04  1.405E+03 1.412E-16  965.5  1.413E+06  1.111E+00  1.442E+05  4.399E+04
  543.0  4.699E+06  7.451E+04  1.359E+03 1.389E-16  965.5  1.407E+06  1.066E+00  1.440E+05  4.335E+04
  544.0  4.621E+06  7.238E+04  1.315E+03 1.367E-16  965.5  1.401E+06  1.022E+00  1.439E+05  4.272E+04
  545.0  4.545E+06  7.030E+04  1.272E+03 1.345E-16  965.5  1.395E+06  9.809E-01  1.437E+05  4.211E+04
  546.0  4.470E+06  6.828E+04  1.230E+03 1.324E-16  965.5  1.390E+06  9.409E-01  1.436E+05  4.150E+04
  547.0  4.397E+06  6.633E+04  1.190E+03 1.303E-16  965.5  1.384E+06  9.027E-01  1.434E+05  4.090E+04
  548.0  4.324E+06  6.443E+04  1.151E+03 1.282E-16  965.5  1.378E+06  8.660E-01  1.433E+05  4.031E+04
  549.0  4.253E+06  6.258E+04  1.114E+03 1.262E-16  965.5  1.372E+06  8.307E-01  1.431E+05  3.973E+04
  550.0  4.183E+06  6.079E+04  1.077E+03 1.242E-16  965.5  1.367E+06  7.970E-01  1.430E+05  3.916E+04
  551.0  4.114E+06  5.905E+04  1.042E+03 1.222E-16  965.5  1.361E+06  7.646E-01  1.428E+05  3.859E+04
  552.0  4.046E+06  5.736E+04  1.008E+03 1.203E-16  965.5  1.355E+06  7.335E-01  1.427E+05  3.804E+04
  553.0  3.980E+06  5.572E+04  9.752E+02 1.184E-16  965.5  1.350E+06  7.037E-01  1.425E+05  3.749E+04
  554.0  3.914E+06  5.413E+04  9.434E+02 1.166E-16  965.5  1.344E+06  6.752E-01  1.424E+05  3.695E+04
  555.0  3.850E+06  5.258E+04  9.126E+02 1.147E-16  965.5  1.339E+06  6.478E-01  1.422E+05  3.642E+04
  556.0  3.787E+06  5.108E+04  8.829E+02 1.129E-16  965.5  1.333E+06  6.215E-01  1.421E+05  3.589E+04
  557.0  3.725E+06  4.962E+04  8.541E+02 1.112E-16  965.5  1.328E+06  5.963E-01  1.419E+05  3.537E+04
  558.0  3.663E+06  4.820E+04  8.263E+02 1.094E-16  965.5  1.322E+06  5.721E-01  1.418E+05  3.487E+04
  559.0  3.603E+06  4.682E+04  7.994E+02 1.077E-16  965.5  1.317E+06  5.489E-01  1.416E+05  3.436E+04
  560.0  3.544E+06  4.549E+04  7.733E+02 1.060E-16  965.5  1.311E+06  5.266E-01  1.415E+05  3.387E+04
  561.0  3.486E+06  4.419E+04  7.482E+02 1.044E-16  965.5  1.306E+06  5.053E-01  1.414E+05  3.338E+04
  562.0  3.429E+06  4.293E+04  7.238E+02 1.027E-16  965.5  1.300E+06  4.848E-01  1.412E+05  3.290E+04
  563.0  3.373E+06  4.170E+04  7.003E+02 1.011E-16  965.5  1.295E+06  4.652E-01  1.411E+05  3.243E+04
  564.0  3.317E+06  4.051E+04  6.775E+02 9.957E-17  965.5  1.290E+06  4.464E-01  1.409E+05  3.197E+04
  565.0  3.263E+06  3.936E+04  6.555E+02 9.802E-17  965.5  1.284E+06  4.283E-01  1.408E+05  3.151E+04
  566.0  3.209E+06  3.824E+04  6.342E+02 9.650E-17  965.5  1.279E+06  4.110E-01  1.406E+05  3.105E+04
  567.0  3.157E+06  3.715E+04  6.136E+02 9.501E-17  965.5  1.274E+06  3.943E-01  1.405E+05  3.061E+04
  568.0  3.105E+06  3.609E+04  5.936E+02 9.354E-17  965.5  1.269E+06  3.784E-01  1.403E+05  3.017E+04
  569.0  3.054E+06  3.506E+04  5.743E+02 9.209E-17  965.5  1.263E+06  3.631E-01  1.402E+05  2.974E+04
  570.0  3.004E+06  3.406E+04  5.557E+02 9.067E-17  965.5  1.258E+06  3.484E-01  1.400E+05  2.931E+04
  571.0  2.955E+06  3.309E+04  5.377E+02 8.928E-17  965.5  1.253E+06  3.343E-01  1.399E+05  2.889E+04
  572.0  2.907E+06  3.215E+04  5.202E+02 8.791E-17  965.5  1.248E+06  3.208E-01  1.398E+05  2.848E+04
  573.0  2.859E+06  3.124E+04  5.033E+02 8.656E-17  965.5  1.243E+06  3.079E-01  1.396E+05  2.807E+04
  574.0  2.812E+06  3.035E+04  4.870E+02 8.523E-17  965.5  1.238E+06  2.954E-01  1.395E+05  2.767E+04
  575.0  2.767E+06  2.949E+04  4.712E+02 8.392E-17  965.5  1.232E+06  2.835E-01  1.393E+05  2.727E+04
  576.0  2.721E+06  2.865E+04  4.559E+02 8.264E-17  965.5  1.227E+06  2.721E-01  1.392E+05  2.688E+04
  577.0  2.677E+06  2.783E+04  4.412E+02 8.138E-17  965.5  1.222E+06  2.611E-01  1.390E+05  2.650E+04
  578.0  2.633E+06  2.704E+04  4.269E+02 8.014E-17  965.5  1.217E+06  2.506E-01  1.389E+05  2.612E+04
  579.0  2.590E+06  2.628E+04  4.131E+02 7.892E-17  965.5  1.212E+06  2.405E-01  1.388E+05  2.574E+04
  580.0  2.548E+06  2.553E+04  3.997E+02 7.772E-17  965.5  1.207E+06  2.308E-01  1.386E+05  2.537E+04
  581.0  2.506E+06  2.481E+04  3.867E+02 7.654E-17  965.5  1.202E+06  2.215E-01  1.385E+05  2.501E+04
  582.0  2.465E+06  2.410E+04  3.742E+02 7.538E-17  965.5  1.197E+06  2.126E-01  1.383E+05  2.465E+04
  583.0  2.425E+06  2.342E+04  3.621E+02 7.423E-17  965.5  1.193E+06  2.040E-01  1.382E+05  2.430E+04
  584.0  2.386E+06  2.275E+04  3.504E+02 7.311E-17  965.5  1.188E+06  1.958E-01  1.380E+05  2.396E+04
  585.0  2.347E+06  2.211E+04  3.391E+02 7.201E-17  965.5  1.183E+06  1.879E-01  1.379E+05  2.361E+04
  586.0  2.309E+06  2.148E+04  3.281E+02 7.092E-17  965.5  1.178E+06  1.803E-01  1.378E+05  2.328E+04
  587.0  2.271E+06  2.087E+04  3.175E+02 6.986E-17  965.5  1.173E+06  1.731E-01  1.376E+05  2.294E+04
  588.0  2.234E+06  2.028E+04  3.073E+02 6.881E-17  965.5  1.168E+06  1.661E-01  1.375E+05  2.262E+04
  589.0  2.198E+06  1.971E+04  2.973E+02 6.777E-17  965.5  1.164E+06  1.594E-01  1.373E+05  2.229E+04
  590.0  2.162E+06  1.915E+04  2.877E+02 6.676E-17  965.5  1.159E+06  1.530E-01  1.372E+05  2.198E+04
  591.0  2.127E+06  1.861E+04  2.785E+02 6.576E-17  965.5  1.154E+06  1.469E-01  1.371E+05  2.166E+04
  592.0  2.092E+06  1.808E+04  2.695E+02 6.478E-17  965.5  1.149E+06  1.410E-01  1.369E+05  2.136E+04
  593.0  2.058E+06  1.757E+04  2.608E+02 6.381E-17  965.5  1.145E+06  1.353E-01  1.368E+05  2.105E+04
  594.0  2.025E+06  1.707E+04  2.524E+02 6.286E-17  965.5  1.140E+06  1.299E-01  1.366E+05  2.075E+04
  595.0  1.992E+06  1.659E+04  2.442E+02 6.192E-17  965.5  1.135E+06  1.247E-01  1.365E+05  2.046E+04
  596.0  1.959E+06  1.612E+04  2.364E+02 6.100E-17  965.5  1.131E+06  1.197E-01  1.364E+05  2.016E+04
  597.0  1.928E+06  1.567E+04  2.287E+02 6.010E-17  965.5  1.126E+06  1.149E-01  1.362E+05  1.988E+04
  598.0  1.896E+06  1.522E+04  2.214E+02 5.921E-17  965.5  1.121E+06  1.103E-01  1.361E+05  1.960E+04
  599.0  1.865E+06  1.479E+04  2.143E+02 5.834E-17  965.5  1.117E+06  1.058E-01  1.359E+05  1.932E+04
  600.0  1.835E+06  1.438E+04  2.074E+02 5.747E-17  965.5  1.112E+06  1.016E-01  1.358E+05  1.904E+04
  601.0  1.805E+06  1.397E+04  2.007E+02 5.663E-17  965.5  1.108E+06  9.754E-02  1.357E+05  1.877E+04
  602.0  1.776E+06  1.358E+04  1.942E+02 5.580E-17  965.5  1.103E+06  9.363E-02  1.355E+05  1.850E+04
  603.0  1.747E+06  1.319E+04  1.880E+02 5.498E-17  965.5  1.099E+06  8.988E-02  1.354E+05  1.824E+04
  604.0  1.719E+06  1.282E+04  1.819E+02 5.417E-17  965.5  1.094E+06  8.628E-02  1.352E+05  1.798E+04
  605.0  1.691E+06  1.246E+04  1.761E+02 5.338E-17  965.5  1.090E+06  8.283E-02  1.351E+05  1.773E+04
  606.0  1.664E+06  1.211E+04  1.704E+02 5.260E-17  965.5  1.085E+06  7.951E-02  1.350E+05  1.748E+04
  607.0  1.637E+06  1.177E+04  1.649E+02 5.183E-17  965.5  1.081E+06  7.633E-02  1.348E+05  1.723E+04
  608.0  1.610E+06  1.144E+04  1.596E+02 5.108E-17  965.5  1.077E+06  7.328E-02  1.347E+05  1.698E+04
  609.0  1.584E+06  1.112E+04  1.545E+02 5.033E-17  965.5  1.072E+06  7.035E-02  1.346E+05  1.674E+04
  610.0  1.559E+06  1.080E+04  1.496E+02 4.960E-17  965.5  1.068E+06  6.754E-02  1.344E+05  1.651E+04
  611.0  1.533E+06  1.050E+04  1.448E+02 4.888E-17  965.5  1.063E+06  6.484E-02  1.343E+05  1.627E+04
  612.0  1.509E+06  1.020E+04  1.401E+02 4.818E-17  965.5  1.059E+06  6.225E-02  1.341E+05  1.604E+04
  613.0  1.484E+06  9.916E+03  1.356E+02 4.748E-17  965.5  1.055E+06  5.977E-02  1.340E+05  1.581E+04
  614.0  1.460E+06  9.637E+03  1.313E+02 4.680E-17  965.5  1.051E+06  5.738E-02  1.339E+05  1.559E+04
  615.0  1.437E+06  9.366E+03  1.271E+02 4.612E-17  965.5  1.046E+06  5.509E-02  1.337E+05  1.537E+04
  616.0  1.413E+06  9.103E+03  1.230E+02 4.546E-17  965.5  1.042E+06  5.289E-02  1.336E+05  1.515E+04
  617.0  1.391E+06  8.848E+03  1.191E+02 4.481E-17  965.5  1.038E+06  5.078E-02  1.335E+05  1.494E+04
  618.0  1.368E+06  8.599E+03  1.152E+02 4.417E-17  965.5  1.034E+06  4.876E-02  1.333E+05  1.473E+04
  619.0  1.346E+06  8.358E+03  1.115E+02 4.354E-17  965.5  1.029E+06  4.681E-02  1.332E+05  1.452E+04
  620.0  1.324E+06  8.123E+03  1.080E+02 4.292E-17  965.5  1.025E+06  4.495E-02  1.331E+05  1.431E+04
  621.0  1.303E+06  7.895E+03  1.045E+02 4.231E-17  965.5  1.021E+06  4.316E-02  1.329E+05  1.411E+04
  622.0  1.282E+06  7.674E+03  1.012E+02 4.171E-17  965.5  1.017E+06  4.144E-02  1.328E+05  1.391E+04
  623.0  1.261E+06  7.458E+03  9.794E+01 4.111E-17  965.5  1.013E+06  3.979E-02  1.327E+05  1.372E+04
  624.0  1.241E+06  7.249E+03  9.481E+01 4.053E-17  965.5  1.009E+06  3.820E-02  1.325E+05  1.352E+04
  625.0  1.221E+06  7.046E+03  9.178E+01 3.996E-17  965.5  1.005E+06  3.668E-02  1.324E+05  1.333E+04
  626.0  1.201E+06  6.849E+03  8.885E+01 3.940E-17  965.5  1.000E+06  3.522E-02  1.322E+05  1.314E+04
  627.0  1.182E+06  6.657E+03  8.601E+01 3.884E-17  965.5  9.964E+05  3.382E-02  1.321E+05  1.296E+04
  628.0  1.163E+06  6.470E+03  8.326E+01 3.830E-17  965.5  9.924E+05  3.248E-02  1.320E+05  1.277E+04
  629.0  1.144E+06  6.289E+03  8.060E+01 3.776E-17  965.5  9.884E+05  3.119E-02  1.318E+05  1.259E+04
  630.0  1.126E+06  6.113E+03  7.803E+01 3.723E-17  965.5  9.844E+05  2.995E-02  1.317E+05  1.242E+04
  631.0  1.108E+06  5.942E+03  7.554E+01 3.671E-17  965.5  9.804E+05  2.876E-02  1.316E+05  1.224E+04
  632.0  1.090E+06  5.776E+03  7.313E+01 3.620E-17  965.5  9.764E+05  2.761E-02  1.314E+05  1.207E+04
  633.0  1.072E+06  5.614E+03  7.080E+01 3.570E-17  965.5  9.725E+05  2.652E-02  1.313E+05  1.190E+04
  634.0  1.055E+06  5.458E+03  6.854E+01 3.520E-17  965.5  9.685E+05  2.547E-02  1.312E+05  1.173E+04
  635.0  1.038E+06  5.305E+03  6.635E+01 3.471E-17  965.5  9.646E+05  2.445E-02  1.310E+05  1.157E+04
  636.0  1.021E+06  5.157E+03  6.424E+01 3.423E-17  965.5  9.607E+05  2.348E-02  1.309E+05  1.140E+04
  637.0  1.005E+06  5.013E+03  6.219E+01 3.376E-17  965.5  9.568E+05  2.255E-02  1.308E+05  1.124E+04
  638.0  9.889E+05  4.873E+03  6.021E+01 3.330E-17  965.5  9.530E+05  2.166E-02  1.307E+05  1.109E+04
  639.0  9.730E+05  4.737E+03  5.829E+01 3.284E-17  965.5  9.491E+05  2.080E-02  1.305E+05  1.093E+04
  640.0  9.574E+05  4.604E+03  5.644E+01 3.239E-17  965.5  9.453E+05  1.998E-02  1.304E+05  1.078E+04
  641.0  9.421E+05  4.476E+03  5.464E+01 3.195E-17  965.5  9.415E+05  1.918E-02  1.303E+05  1.062E+04
  642.0  9.270E+05  4.351E+03  5.290E+01 3.151E-17  965.5  9.377E+05  1.842E-02  1.301E+05  1.048E+04
  643.0  9.121E+05  4.230E+03  5.122E+01 3.108E-17  965.5  9.339E+05  1.769E-02  1.300E+05  1.033E+04
  644.0  8.975E+05  4.112E+03  4.959E+01 3.066E-17  965.5  9.301E+05  1.699E-02  1.299E+05  1.018E+04
  645.0  8.831E+05  3.997E+03  4.802E+01 3.024E-17  965.5  9.264E+05  1.632E-02  1.297E+05  1.004E+04
  646.0  8.690E+05  3.886E+03  4.649E+01 2.983E-17  965.5  9.227E+05  1.568E-02  1.296E+05  9.900E+03
  647.0  8.550E+05  3.778E+03  4.501E+01 2.943E-17  965.5  9.189E+05  1.506E-02  1.295E+05  9.761E+03
  648.0  8.414E+05  3.672E+03  4.358E+01 2.903E-17  965.5  9.152E+05  1.446E-02  1.293E+05  9.624E+03
  649.0  8.279E+05  3.570E+03  4.220E+01 2.864E-17  965.5  9.116E+05  1.389E-02  1.292E+05  9.489E+03
  650.0  8.146E+05  3.471E+03  4.086E+01 2.826E-17  965.5  9.079E+05  1.334E-02  1.291E+05  9.356E+03
  651.0  8.016E+05  3.374E+03  3.956E+01 2.788E-17  965.5  9.042E+05  1.281E-02  1.289E+05  9.225E+03
  652.0  7.888E+05  3.280E+03  3.831E+01 2.751E-17  965.5  9.006E+05  1.231E-02  1.288E+05  9.096E+03
  653.0  7.762E+05  3.189E+03  3.709E+01 2.714E-17  965.5  8.970E+05  1.182E-02  1.287E+05  8.968E+03
  654.0  7.638E+05  3.101E+03  3.592E+01 2.678E-17  965.5  8.934E+05  1.135E-02  1.286E+05  8.843E+03
  655.0  7.516E+05  3.014E+03  3.478E+01 2.643E-17  965.5  8.898E+05  1.091E-02  1.284E+05  8.719E+03
  656.0  7.396E+05  2.931E+03  3.368E+01 2.608E-17  965.5  8.862E+05  1.048E-02  1.283E+05  8.597E+03
  657.0  7.278E+05  2.849E+03  3.261E+01 2.573E-17  965.5  8.827E+05  1.006E-02  1.282E+05  8.477E+03
  658.0  7.161E+05  2.770E+03  3.158E+01 2.540E-17  965.5  8.791E+05  9.666E-03  1.280E+05  8.358E+03
  659.0  7.047E+05  2.693E+03  3.058E+01 2.506E-17  965.5  8.756E+05  9.285E-03  1.279E+05  8.241E+03
  660.0  6.935E+05  2.618E+03  2.961E+01 2.473E-17  965.5  8.721E+05  8.919E-03  1.278E+05  8.126E+03
  661.0  6.824E+05  2.546E+03  2.867E+01 2.441E-17  965.5  8.686E+05  8.567E-03  1.277E+05  8.013E+03
  662.0  6.715E+05  2.475E+03  2.776E+01 2.409E-17  965.5  8.651E+05  8.230E-03  1.275E+05  7.901E+03
  663.0  6.608E+05  2.407E+03  2.689E+01 2.378E-17  965.5  8.616E+05  7.906E-03  1.274E+05  7.791E+03
  664.0  6.503E+05  2.340E+03  2.604E+01 2.347E-17  965.5  8.582E+05  7.595E-03  1.273E+05  7.682E+03
  665.0  6.399E+05  2.275E+03  2.521E+01 2.317E-17  965.5  8.547E+05  7.296E-03  1.271E+05  7.575E+03
  666.0  6.297E+05  2.212E+03  2.442E+01 2.287E-17  965.5  8.513E+05  7.009E-03  1.270E+05  7.469E+03
  667.0  6.197E+05  2.151E+03  2.364E+01 2.257E-17  965.5  8.479E+05  6.733E-03  1.269E+05  7.365E+03
  668.0  6.098E+05  2.091E+03  2.290E+01 2.228E-17  965.5  8.445E+05  6.468E-03  1.268E+05  7.262E+03
  669.0  6.001E+05  2.033E+03  2.218E+01 2.200E-17  965.5  8.411E+05  6.214E-03  1.266E+05  7.161E+03
  670.0  5.906E+05  1.977E+03  2.148E+01 2.172E-17  965.5  8.378E+05  5.970E-03  1.265E+05  7.061E+03
  671.0  5.812E+05  1.922E+03  2.080E+01 2.144E-17  965.5  8.344E+05  5.735E-03  1.264E+05  6.963E+03
  672.0  5.720E+05  1.869E+03  2.014E+01 2.117E-17  965.5  8.311E+05  5.510E-03  1.263E+05  6.866E+03
  673.0  5.629E+05  1.817E+03  1.951E+01 2.090E-17  965.5  8.277E+05  5.294E-03  1.261E+05  6.770E+03
  674.0  5.539E+05  1.767E+03  1.889E+01 2.063E-17  965.5  8.244E+05  5.086E-03  1.260E+05  6.676E+03
  675.0  5.451E+05  1.718E+03  1.830E+01 2.037E-17  965.5  8.211E+05  4.886E-03  1.259E+05  6.583E+03
  676.0  5.365E+05  1.671E+03  1.772E+01 2.012E-17  965.5  8.179E+05  4.694E-03  1.258E+05  6.491E+03
  677.0  5.279E+05  1.625E+03  1.716E+01 1.986E-17  965.5  8.146E+05  4.510E-03  1.256E+05  6.401E+03
  678.0  5.196E+05  1.580E+03  1.662E+01 1.962E-17  965.5  8.113E+05  4.333E-03  1.255E+05  6.312E+03
  679.0  5.113E+05  1.536E+03  1.610E+01 1.937E-17  965.5  8.081E+05  4.164E-03  1.254E+05  6.224E+03
  680.0  5.032E+05  1.494E+03  1.559E+01 1.913E-17  965.5  8.049E+05  4.000E-03  1.252E+05  6.138E+03
  681.0  4.952E+05  1.453E+03  1.510E+01 1.889E-17  965.5  8.017E+05  3.844E-03  1.251E+05  6.053E+03
  682.0  4.874E+05  1.413E+03  1.462E+01 1.866E-17  965.5  7.985E+05  3.693E-03  1.250E+05  5.969E+03
  683.0  4.796E+05  1.374E+03  1.416E+01 1.843E-17  965.5  7.953E+05  3.548E-03  1.249E+05  5.886E+03
  684.0  4.720E+05  1.336E+03  1.372E+01 1.820E-17  965.5  7.921E+05  3.410E-03  1.247E+05  5.804E+03
  685.0  4.573E+05  1.346E+03  1.346E+01 1.779E-17  965.7  7.860E+05  3.332E-03  1.407E+05  5.352E+03
  686.0  4.572E+05  1.263E+03  1.287E+01 1.776E-17  965.5  7.858E+05  3.148E-03  1.245E+05  5.644E+03
  687.0  4.500E+05  1.228E+03  1.247E+01 1.754E-17  965.5  7.827E+05  3.025E-03  1.244E+05  5.566E+03
  688.0  4.428E+05  1.195E+03  1.207E+01 1.733E-17  965.5  7.796E+05  2.907E-03  1.243E+05  5.489E+03
  689.0  4.358E+05  1.162E+03  1.170E+01 1.712E-17  965.5  7.765E+05  2.793E-03  1.241E+05  5.413E+03
  690.0  4.289E+05  1.130E+03  1.133E+01 1.691E-17  965.5  7.734E+05  2.684E-03  1.240E+05  5.338E+03
  691.0  4.222E+05  1.099E+03  1.097E+01 1.671E-17  965.5  7.703E+05  2.579E-03  1.239E+05  5.264E+03
  692.0  4.155E+05  1.068E+03  1.063E+01 1.651E-17  965.5  7.672E+05  2.478E-03  1.238E+05  5.191E+03
  693.0  4.089E+05  1.039E+03  1.030E+01 1.631E-17  965.5  7.642E+05  2.381E-03  1.236E+05  5.119E+03
  694.0  4.025E+05  1.010E+03  9.972E+00 1.611E-17  965.5  7.612E+05  2.288E-03  1.235E+05  5.048E+03
  695.0  3.961E+05  9.826E+02  9.660E+00 1.592E-17  965.5  7.581E+05  2.199E-03  1.234E+05  4.978E+03
  696.0  3.898E+05  9.556E+02  9.357E+00 1.573E-17  965.5  7.551E+05  2.113E-03  1.233E+05  4.909E+03
  697.0  3.837E+05  9.294E+02  9.064E+00 1.555E-17  965.5  7.521E+05  2.031E-03  1.231E+05  4.841E+03
  698.0  3.776E+05  9.039E+02  8.780E+00 1.536E-17  965.5  7.491E+05  1.952E-03  1.230E+05  4.774E+03
  699.0  3.717E+05  8.791E+02  8.505E+00 1.518E-17  965.5  7.462E+05  1.876E-03  1.229E+05  4.708E+03
  700.0  3.658E+05  8.549E+02  8.239E+00 1.500E-17  965.5  7.432E+05  1.802E-03  1.228E+05  4.643E+03
